4.73575 1.15732 0.0751452 2.39637 4.67625 1.88612 1.27341 1.0499 0.645508 0.303225 -0.107395 0.025415
4.33305 3.15072 1.82797 0.91508 0.722067 -0.140319 -0.556408 -1.58176 -1.18625 -0.624395 0.0343496 -0.00991736
3.65424 2.1965 1.57831 1.20302 2.07796 2.1238 2.07951 1.33183 0.764869 -0.0668883 -0.108855 0.0145121
3.06579 2.03149 1.88903 1.88972 2.16455 1.79381 1.28414 0.728153 0.480674 0.152671 0.0573922 0.0278792
4.63424 1.38035 0.0569064 1.81174 3.04461 2.15782 1.61142 0.98423 0.322573 -0.374386 -0.197287 0.0171574
3.47325 2.70646 2.35077 1.31337 0.849143 0.341219 -0.094764 -0.890622 -0.639012 -0.478904 -0.0427019 -0.0488557
5.26593 1.76536 -0.242213 1.03784 1.85152 0.735798 1.39205 1.48943 0.611192 -0.350178 -0.261663 -0.0369826
4.00435 3.65605 3.23278 2.55484 1.95899 1.04192 0.422052 -0.0687401 -0.254253 -0.157593 0.070194 -0.0149191
3.32797 1.59749 1.34095 2.23915 3.03114 1.89172 0.961858 0.881318 0.920499 0.275533 -0.0934905 0.00631742
2.90671 2.04784 2.18058 0.789627 0.344444 -0.782544 -0.968603 -1.54653 -0.275925 -0.471115 0.0173837 -0.0403173
3.28274 2.32372 1.88029 1.30208 1.46691 1.26767 1.58064 1.38005 0.837393 0.211849 -0.0148716 0.00335183
3.16275 2.6983 2.42461 2.07843 1.65467 1.18262 0.772889 0.404674 0.203185 0.086236 0.0673644 0.00266326
3.29836 1.88032 1.11698 1.04207 1.49503 1.54895 1.34596 0.81357 0.231063 -0.16527 -0.0897239 -0.0157535
2.37391 1.50193 1.99846 0.426193 0.94263 -0.542533 0.2834 -1.01317 -0.399703 -0.348209 -0.0710978 -0.0432168
4.29758 2.14021 0.813617 0.745431 1.16592 0.530568 0.709578 1.00377 0.926554 0.0747716 -0.0973945 -0.0558914
2.14865 -1.69233 2.12564 1.76871 2.51059 2.10692 0.0320604 -0.791881 0.281171 0.586781 -0.00246603 -0.0668281
4.04631 1.28798 0.470989 2.06265 3.65543 2.54136 1.2085 0.71287 0.62657 0.218782 -0.0759933 0.00594197
3.27951 2.39631 1.82883 0.70568 0.0764043 -0.437331 -0.723201 -0.912393 -0.743024 -0.338687 0.0471678 -0.0262502
2.84411 1.50936 1.88192 1.01077 1.69908 1.61433 1.87702 0.143689 0.658205 0.190527 0.0682528 0.0248798
2.91019 2.11478 1.84401 1.57561 1.45603 1.17594 0.92846 0.714987 0.54968 0.267418 0.111593 0.0159347
3.6743 1.78173 0.998972 1.56573 2.56947 2.46962 1.74106 0.690936 0.123023 -0.0998469 -0.0762569 0.028837
2.55599 1.60915 1.91253 0.736194 0.853753 -0.494493 -0.52309 -0.427965 -0.0428082 -0.408543 -0.0764228 -0.0454948
4.12622 2.35898 0.731488 0.4495 1.10147 1.46598 1.70477 1.25834 0.468741 -0.177202 -0.15467 -0.0557524
3.311 2.70574 2.31326 1.66339 1.14311 0.52546 0.155525 -0.119838 -0.157734 -0.0755091 0.0602517 -0.00618391
2.83192 1.38741 1.56695 1.84786 2.26271 1.34637 0.51628 0.38591 0.829054 0.402687 0.0210933 -0.0115653
2.79143 1.97708 2.09816 0.605753 0.901988 -1.29538 -0.478105 -0.993658 -0.899457 -0.362012 0.0659408 -0.0381667
2.49737 1.41601 1.9046 1.27924 2.11946 0.535692 1.52962 0.78423 0.432595 0.158817 0.135381 0.013653
2.82915 2.03197 1.77651 1.3331 1.1191 0.717096 0.569743 0.290829 0.261537 0.128427 0.0460558 -0.00757571
3.12549 1.54652 0.930696 1.20878 1.80603 1.60046 0.836931 0.14881 0.0723897 -0.106779 -0.0712272 -0.0149161
2.41815 1.18313 1.37182 -0.0257162 0.181675 -0.123509 0.394839 -0.586928 0.11385 -0.219932 -0.01218 -0.0159491
3.49849 2.2025 1.11925 0.559753 0.652012 0.800293 0.961457 0.711787 0.310523 -0.0676397 -0.109105 -0.0439144
2.89702 -1.5283 1.7028 0.492207 2.04511 2.01508 -1.20134 -0.720851 -0.0385638 0.0088783 0.0428867 -0.0763662