0 2.39 8 328
1 5.23 11 671
2 5.44 13 1024
3 6.28 8 1356
4 5.65 16 1713
5 9.06 8 2055
6 4.93 7 2407
7 5.9 14 2757
8 7.02 12 3090
9 4.21 16 3429
10 7.6 14 3785
11 5.91 16 4120
12 4.18 10 4465
13 6.44 17 4806
14 7.47 17 5159
15 10.21 21 5508
16 16.38 16 5849
17 6.5 19 6190
18 6.04 18 6543
19 6.43 20 6883
20 6.91 15 7223
21 8.94 13 7569
22 15.21 13 7922
23 6.49 19 8264
24 11.43 10 8609
25 21.98 10 8964
26 4.98 13 9314
27 6.65 13 9662
28 6.47 15 9997
29 10.59 12 10346
30 4.15 21 10683
31 9.28 11 11033
32 8.51 16 11370
33 13.82 11 11720
34 7.62 16 12056
35 10.58 15 12405
36 7.93 17 12744
37 19.1 6 13100
38 9.99 7 13447
39 7.11 12 13804
40 27.07 10 14148
41 9.01 10 14496
42 9.18 12 14847
43 16 17 15202
44 14.79 7 15563
45 28.6 8 15913
46 12.92 11 16250
47 24.52 10 16609
48 6.2 22 16947
49 18.27 15 17298
50 21.32 8 17648
51 12.29 13 17983
52 15.63 21 18337
53 6.09 24 18677
54 8.94 31 19022
55 14.62 13 19389
56 19.1 15 19730
57 11.58 28 20069
58 10.33 24 20418
59 17.85 5 20760
60 13.11 13 21112
61 4.81 24 21453
62 23.16 6 21814
63 10.75 18 22157
64 7.1 13 22508
65 12.9 9 22859
66 14.61 14 23210
67 168.71 39 23576
68 26.71 42 23937
69 19.53 30 24294
70 12.64 18 24647
71 11.88 19 24995
72 9.48 20 25330
73 17.31 17 25682
74 36.33 22 26054
75 25.03 12 26406
76 16.98 17 26756
77 10.55 23 27107
78 17.97 9 27465
79 120.45 24 27826
80 480.16 25 28249
81 212.72 25 28644
82 83.41 14 29037
83 74.06 26 29413
84 34.91 15 29772
85 34.31 16 30140
86 37.68 10 30506
87 28.08 13 30877
88 32.49 8 31229
89 12.99 16 31582
90 23.33 12 31943
91 25.13 10 32293
92 20.08 14 32642
93 15.17 12 33000
94 10.83 14 33351
95 19.73 6 33707
96 7.83 13 34048
97 9.41 10 34395
98 12.13 13 34750
99 13.3 12 35092
100 591.18 11 35471
101 204.27 8 35863
102 35.48 15 36222
103 39.56 13 36578
104 448.27 13 36987
105 44.02 12 37340
106 128.65 14 37735
107 73.58 10 38110
108 37.7 10 38482
109 32.82 12 38834
110 29.17 13 39197
111 43.66 8 39560
112 11.08 14 39913
113 22.52 13 40253
114 15.71 10 40622
115 65.45 8 40979
116 338.76 7 41403
117 1836.73 9 41853
118 243.93 8 42267
119 12604.4 5 42774
120 191186 6 43322
121 556517 7 43894
122 129187 12 44429
123 100854 5 44980
124 101082 6 45505
125 43035.5 6 46027
126 141536 10 46556
127 70604.5 5 47094
128 479518 8 47670
129 836395 7 48232
130 1.03027e+006 8 48808
131 1.15077e+006 6 49391
132 1.36187e+006 9 49966
133 1.88869e+006 7 50569
134 2.08875e+006 7 51165
135 1.73859e+006 7 51775
136 2.83689e+006 7 52377
137 3.005e+006 10 52993
138 3.08744e+006 8 53603
139 2.24671e+006 9 54193
140 1.90152e+006 8 54789
141 1.15432e+006 7 55369
142 413988 6 55948
143 988832 4 56528
144 644971 6 57114
145 572891 5 57675
146 327548 5 58211
147 320350 4 58773
148 210206 6 59293
149 221430 3 59861
150 166829 4 60423
151 180920 3 60965
152 93753.1 4 61485
153 212158 3 62035
154 227462 3 62592
155 203727 3 63140
156 190961 6 63693
157 248658 8 64238
158 1.20175e+006 9 64831
159 1.74131e+006 6 65449
160 2.16754e+006 4 66063
161 3.12212e+006 5 66684
162 5.09981e+006 4 67310
163 4.53098e+006 5 67942
164 6.1565e+006 4 68593
165 6.60416e+006 6 69230
166 4.56339e+006 9 69867
167 4.16068e+006 7 70495
168 5.62961e+006 8 71126
169 6.18757e+006 6 71778
170 4.83541e+006 9 72409
171 4.7969e+006 8 73059
172 2.78103e+006 11 73674
173 3.10922e+006 9 74303
174 4.80763e+006 9 74933
175 4.82345e+006 11 75565
176 3.63488e+006 11 76187
177 3.39459e+006 17 76797
178 4.07672e+006 14 77424
179 4.33258e+006 12 78034
180 4.79474e+006 9 78662
181 5.00922e+006 8 79282
182 3.91825e+006 11 79912
183 4.80074e+006 9 80551
184 6.12471e+006 4 81185
185 6.90804e+006 6 81836
186 6.12891e+006 4 82484
187 5.16196e+006 4 83122
188 5.3355e+006 4 83764
189 3.11711e+006 4 84389
190 1.07809e+006 5 85002
191 496811 13 85566
192 506535 8 86116
193 650087 5 86679
194 1.66662e+006 4 87305
195 1.2307e+006 4 87909
196 854881 5 88479
197 428194 3 89036
198 385972 4 89596
199 370750 4 90162
200 670405 4 90747
201 735141 4 91332
202 289197 5 91884
203 196643 4 92438
204 108073 4 92961
205 132923 7 93468
206 147980 5 94008
207 184229 4 94565
208 173231 5 95112
209 159164 4 95656
210 172219 4 96201
211 71569.8 5 96747
212 49380.3 4 97289
213 41161.3 2 97824
214 24773.1 2 98347
215 14284.5 5 98848
216 19574 8 99360
217 17524.3 2 99880
218 17997.8 3 100368
219 17587.3 2 100870
220 7773.74 6 101339
221 2926.41 4 101800
222 4523.52 4 102269
223 4391.66 11 102739
224 155307 13 103264
225 1.05976e+006 16 103832
226 198603 11 104382
227 105592 14 104912
228 31092.7 15 105430
229 19521.8 17 105936
230 7492.73 15 106403
231 7832.54 21 106878
232 12658.5 14 107356
233 10101.3 12 107846
234 13079.3 14 108338
235 4125.66 15 108790
236 2895.93 16 109237
237 3198.96 10 109687
238 4909.5 14 110153
239 2765.09 10 110606
240 1689.36 14 111048
241 1065.2 14 111484
242 1501.38 17 111925
243 1353.86 14 112369
244 685.24 16 112784
245 481.93 20 113205
246 429.78 11 113623
247 517.88 12 114035
248 554.69 9 114465
249 516.91 12 114897
250 614.04 12 115330
251 407.31 14 115756
252 367.27 11 116168
253 286.29 10 116580
254 282.45 12 117006
255 303.81 13 117429
256 294.97 6 117836
257 303.05 8 118257
258 387.03 6 118692
259 99.83 10 119085
260 197.9 9 119496
261 240.38 7 119917
262 185.02 11 120303
263 95.44 13 120679
264 32.38 14 121063
265 32.51 6 121418
266 25.53 11 121764
267 20.92 15 122127
268 12.31 15 122468
269 29.61 15 122824
270 48.04 8 123192
271 58.96 2 123582
272 62.79 3 123971
273 42.77 6 124318
274 51.79 8 124679
275 52.25 11 125056
276 58.37 27 125430
277 72.84 29 125819
278 33.71 19 126180
279 11.94 18 126526
280 22.58 8 126877
281 10.55 10 127223
282 7.8 12 127572
283 12.27 9 127927
284 16.94 6 128270
285 8.15 11 128618
286 17.01 5 128956
287 6.46 10 129302
288 3.82 10 129654
289 7.2 12 129994
290 4.74 9 130329
291 9.96 8 130689
292 2.61 4 131017
293 2.65 11 131370
294 9.45 5 131710
295 12.1 4 132053
296 2.49 6 132403
297 5.37 11 132752
298 2.48 9 133096
299 3.7 11 133438
300 4.68 3 133778
301 2.07 8 134119
302 8.96 5 134471
303 8.14 4 134824
304 1.3 10 135164
305 1.12 10 135485
306 7 4 135821
307 5.23 5 136161
308 14.95 6 136510
309 2.69 7 136856
310 6.96 6 137201
311 9.51 5 137542
312 4.11 7 137885
313 1.71 8 138213
314 2.79 6 138549
315 2.87 11 138893
316 3.52 10 139226
317 2.01 8 139558
318 2.58 7 139906
319 1.5 8 140233
320 2.1 6 140569
321 9.08 5 140914
322 5.47 2 141263
323 1.72 7 141602
324 3.01 6 141934
325 4.61 2 142274
326 1.48 9 142621
327 1.34 8 142941
328 1.74 7 143277
329 2.24 3 143608
330 6.5 3 143960
331 2.31 4 144299
332 2.2 7 144621
333 4.78 8 144969
334 2.88 9 145316
335 2.13 7 145645
336 2.47 2 145988
337 2.5 3 146321
338 5 3 146666
339 9.49 4 147023
340 41.79 2 147383
341 47.2 2 147755
342 35.96 2 148104
343 17.97 2 148448
344 5.4 3 148781
345 21.04 2 149137
346 25.25 2 149483
347 36.11 1 149841
348 27.88 2 150200
349 7.49 4 150556
350 1.18 6 150891
351 3.38 6 151239
352 8.07 2 151590
353 7.88 2 151947
354 3.77 6 152288
355 6.09 3 152640
356 5.4 1 152996
357 4.15 6 153324
358 1.84 5 153667
359 1.49 8 154002
360 2.1 2 154346
361 2.9 2 154684
362 2.16 6 155022
363 4.64 2 155365
364 1.7 7 155697
365 2.98 4 156032
366 4.76 6 156387
367 3.14 4 156726
368 3.33 7 157072
369 2.32 3 157418
370 1.63 3 157758
371 1.88 8 158099
372 1.39 7 158430
373 3.94 9 158784
374 3.61 2 159123
375 4.99 3 159462
376 2.43 3 159803
377 2.89 5 160149
378 1.64 7 160480
379 3.06 7 160819
380 2.61 2 161156
381 1.35 12 161492
382 1.65 6 161829
383 2.18 4 162166
384 3.31 2 162495
385 1.64 10 162827
386 2.25 2 163163
387 3.18 4 163504
388 1.26 9 163834
389 1.56 7 164169
390 1.48 9 164512
391 1.11 9 164836
392 1.58 7 165181
393 2.4 7 165519
394 1.1 6 165854
395 1.59 8 166189
396 1.07 7 166511
397 2.91 6 166853
398 0.63 9 167192
399 1.33 7 167516
400 1.94 4 167864
401 0.78 9 168203
402 1.97 4 168530
403 0.83 4 168860
404 0.61 7 169192
405 1.08 5 169531
406 0.58 6 169857
407 1.28 6 170179
408 1.33 5 170527
409 0.4 7 170846
410 1.31 7 171183
411 0.77 9 171505
412 1.09 6 171841
413 0.87 2 172170
414 1.55 4 172506
415 0.99 10 172823
416 1.17 7 173160
417 0.81 5 173490
418 0.71 9 173814
419 1.72 5 174154
420 1.15 7 174488
421 0.67 5 174812
422 1.48 9 175155
423 2.25 5 175476
424 0.91 7 175815
425 0.75 6 176143
426 1.27 5 176481
427 1.3 2 176822
428 0.86 4 177148
429 1.32 11 177482
430 0.71 2 177812
431 0.58 7 178131
432 0.83 4 178459
433 0.5 6 178789
434 0.62 9 179121
435 0.54 7 179450
436 0.35 4 179773
437 0.7 6 180099
438 0.29 5 180419
439 0.63 5 180741
440 0.57 8 181071
441 1.05 4 181410
442 1.08 7 181743
443 0.92 3 182078
444 0.87 5 182411
445 0.62 6 182738
446 1.36 4 183067
447 0.43 9 183389
448 1.26 2 183731
449 0.73 8 184068
450 0.63 3 184381
