1 -895
2 -753
3 -520
4 -302
5 -145
6 -63
7 -20
8 45
9 267
10 585
11 890
12 1184
13 1425
14 1584
15 1758
16 1865
17 1892
18 1760
19 1539
20 1325
21 1124
22 1009
23 860
24 708
25 518
26 303
27 89
28 -104
29 -284
30 -430
31 -512
32 -521
33 -443
34 -367
35 -282
36 -229
37 -160
38 -105
39 -63
40 -21
41 39
42 124
43 167
44 199
45 190
46 160
47 115
48 72
49 21
50 13
51 -77
52 -195
53 -318
54 -384
55 -391
56 -366
57 -368
58 -466
59 -614
60 -767
61 -837
62 -787
63 -703
64 -594
65 -552
66 -592
67 -573
68 -579
69 -531
70 -425
71 -341
72 -283
73 -292
74 -292
75 -272
76 -264
77 -234
78 -197
79 -147
80 -159
81 -232
82 -299
83 -344
84 -339
85 -296
86 -203
87 -87
88 -9
89 12
90 37
91 51
92 -284
93 -814
94 -1449
95 -1823
96 -1491
97 -898
98 -127
99 118
100 -262
101 -886
102 -1456
103 -1374
104 -786
105 -68
106 563
107 947
108 1327
109 1798
110 2284
111 2650
112 2638
113 2287
114 1893
115 1679
116 1818
117 2095
118 2250
119 2137
120 1744
121 1287
122 844
123 493
124 131
125 -289
126 -707
127 -995
128 -1022
129 -832
130 -551
131 -378
132 -443
133 -651
134 -915
135 -1053
136 -920
137 -625
138 -219
139 146
140 431
141 638
142 763
143 751
144 619
145 392
146 155
147 8
148 4
149 83
150 142
151 87
152 -76
153 -294
154 -517
155 -692
156 -804
157 -902
158 -997
159 -1008
160 -962
161 -841
162 -682
163 -590
164 -597
165 -664
166 -686
167 -648
168 -539
169 -373
170 -209
171 -87
172 39
173 118
174 170
175 212
176 175
177 146
178 106
179 63
180 82
181 120
182 156
183 142
184 38
185 -88
186 -215
187 -331
188 -391
189 -422
190 -455
191 -499
192 -575
193 -567
194 -480
195 -327
196 -152
197 -69
198 -32
199 -42
200 -33
201 24
202 120
203 235
204 303
205 432
206 541
207 645
208 350
209 -245
210 -1015
211 -1617
212 -1558
213 -1170
214 -489
215 -114
216 -366
217 -994
218 -1672
219 -1859
220 -1401
221 -731
222 -68
223 329
224 601
225 1045
226 1570
227 2184
228 2542
229 2443
230 2129
231 1827
232 1805
233 2067
234 2359
235 2478
236 2325
237 2043
238 1657
239 1298
240 960
241 477
242 -38
243 -540
244 -817
245 -828
246 -749
247 -651
248 -694
249 -853
250 -1029
251 -1189
252 -1252
253 -1217
254 -1124
255 -955
256 -654
257 -268
258 110
259 341
260 365
261 282
262 221
263 266
264 391
265 466
266 391
267 254
268 93
269 9
270 11
271 30
272 17
273 -159
274 -450
275 -775
276 -976
277 -1040
278 -967
279 -816
280 -688
281 -601
282 -590
283 -552
284 -539
285 -512
286 -484
287 -455
288 -424
289 -396
290 -307
291 -191
292 -49
293 119
294 220
295 230
296 169
297 65
298 3
299 -16
300 77
301 209
302 289
303 276
304 149
305 -40
306 -208
307 -309
308 -333
309 -354
310 -341
311 -310
312 -336
313 -386
314 -384
315 -316
316 -277
317 -296
318 -375
319 -448
320 -417
321 -230
322 21
323 272
324 403
325 352
326 303
327 305
328 434
329 298
330 -152
331 -859
332 -1432
333 -1386
334 -977
335 -366
336 -23
337 -272
338 -905
339 -1539
340 -1716
341 -1297
342 -727
343 -230
344 119
345 434
346 958
347 1644
348 2336
349 2714
350 2673
351 2335
352 1994
353 1929
354 2119
355 2421
356 2608
357 2532
358 2352
359 2057
360 1725
361 1306
362 726
363 128
364 -435
365 -785
366 -836
367 -715
368 -619
369 -675
370 -920
371 -1146
372 -1305
373 -1390
374 -1413
375 -1447
376 -1404
377 -1249
378 -972
379 -559
380 -157
381 55
382 82
383 24
384 12
385 27
386 27
387 15
388 5
389 13
390 45
391 126
392 214
393 207
394 44
395 -235
396 -560
397 -817
398 -903
399 -901
400 -852
401 -768
402 -640
403 -475
404 -364
405 -341
406 -385
407 -450
408 -487
409 -421
410 -321
411 -170
412 -34
413 24
414 120
415 150
416 169
417 178
418 159
419 82
420 1
421 -43
422 -32
423 42
424 91
425 68
426 -48
427 -173
428 -315
429 -482
430 -612
431 -620
432 -521
433 -406
434 -335
435 -269
436 -237
437 -183
438 -74
439 24
440 131
441 193
442 273
443 338
444 421
445 552
446 668
447 738
448 822
449 784
450 248
451 -555
452 -1435
453 -1846
454 -1556
455 -993
456 -441
457 -341
458 -933
459 -1656
460 -2119
461 -2002
462 -1419
463 -913
464 -500
465 -126
466 474
467 1358
468 2229
469 2799
470 2913
471 2593
472 2183
473 2038
474 2278
475 2665
476 2909
477 2881
478 2628
479 2336
480 1981
481 1519
482 918
483 181
484 -510
485 -1000
486 -1139
487 -986
488 -807
489 -716
490 -785
491 -996
492 -1186
493 -1327
494 -1318
495 -1240
496 -1126
497 -821
498 -307
499 269
500 789
501 950
502 856
503 639
504 422
505 390
506 434
507 531
508 512
509 373
510 193
511 4
512 -200
513 -427
514 -776
515 -1156
516 -1430
517 -1590
518 -1526
519 -1410
520 -1243
521 -1116
522 -1024
523 -968
524 -934
525 -848
526 -812
527 -755
528 -617
529 -391
530 -141
531 42
532 137
533 183
534 60
535 -130
536 -262
537 -296
538 -243
539 -160
540 -82
541 -37
542 -63
543 -130
544 -237
545 -352
546 -443
547 -529
548 -503
549 -457
550 -427
551 -329
552 -209
553 -24
554 86
555 120
556 178
557 199
558 324
559 481
560 630
561 702
562 725
563 712
564 754
565 810
566 868
567 902
568 905
569 722
570 -125
571 -1114
572 -2007
573 -2301
574 -1807
575 -1180
576 -672
577 -674
578 -1396
579 -2163
580 -2563
581 -2275
582 -1443
583 -718
584 36
585 811
586 1566
587 2380
588 3018
589 3366
590 3368
591 3046
592 2700
593 2633
594 2864
595 3179
596 3288
597 3051
598 2593
599 1910
600 1100
601 373
602 -308
603 -910
604 -1306
605 -1477
606 -1344
607 -1047
608 -835
609 -806
610 -1004
611 -1291
612 -1392
613 -1272
614 -827
615 -252
616 260
617 757
618 1209
619 1589
620 1744
621 1526
622 1059
623 599
624 240
625 45
626 -43
627 -135
628 -360
629 -766
630 -1289
631 -1784
632 -2141
633 -2359
634 -2452
635 -2506
636 -2486
637 -2365
638 -2087
639 -1636
640 -1215
641 -889
642 -684
643 -554
644 -365
645 -135
646 125
647 421
648 661
649 781
650 726
651 643
652 575
653 449
654 313
655 107
656 -40
657 -139
658 -131
659 -76
660 -100
661 -193
662 -369
663 -492
664 -518
665 -516
666 -487
667 -411
668 -349
669 -284
670 -261
671 -268
672 -191
673 -69
674 128
675 329
676 471
677 637
678 693
679 702
680 759
681 773
682 791
683 833
684 838
685 863
686 798
687 766
688 247
689 -957
690 -2078
691 -2737
692 -2378
693 -1584
694 -973
695 -725
696 -1151
697 -1979
698 -2477
699 -2439
700 -1719
701 -814
702 -44
703 919
704 1873
705 2797
706 3500
707 3771
708 3761
709 3455
710 3014
711 2777
712 2925
713 3205
714 3309
715 3055
716 2538
717 1875
718 1035
719 162
720 -595
721 -1301
722 -1775
723 -1886
724 -1708
725 -1241
726 -882
727 -799
728 -942
729 -1287
730 -1513
731 -1389
732 -846
733 -36
734 725
735 1311
736 1729
737 1958
738 1958
739 1643
740 1084
741 554
742 164
743 -33
744 -149
745 -251
746 -560
747 -1082
748 -1725
749 -2411
750 -2897
751 -3156
752 -3103
753 -2846
754 -2501
755 -2024
756 -1549
757 -1134
758 -819
759 -680
760 -513
761 -258
762 94
763 575
764 983
765 1211
766 1210
767 1012
768 677
769 230
770 -203
771 -519
772 -686
773 -748
774 -763
775 -749
776 -749
777 -797
778 -850
779 -980
780 -1035
781 -963
782 -778
783 -485
784 -102
785 241
786 416
787 503
788 462
789 386
790 356
791 440
792 617
793 833
794 1011
795 1128
796 1119
797 1042
798 959
799 902
800 930
801 882
802 920
803 963
804 1010
805 992
806 837
807 -191
808 -1513
809 -2512
810 -2787
811 -2094
812 -1345
813 -773
814 -638
815 -1387
816 -2352
817 -2782
818 -2521
819 -1529
820 -622
821 333
822 1530
823 2539
824 3292
825 3724
826 3754
827 3558
828 3134
829 2755
830 2789
831 3093
832 3301
833 3223
834 2782
835 2021
836 1128
837 149
838 -732
839 -1415
840 -1923
841 -2114
842 -1944
843 -1618
844 -1244
845 -1079
846 -1136
847 -1321
848 -1578
849 -1471
850 -934
851 -70
852 874
853 1573
854 1974
855 2102
856 1993
857 1719
858 1286
859 881
860 596
861 425
862 283
863 6
864 -447
865 -1197
866 -2023
867 -2852
868 -3377
869 -3384
870 -3137
871 -2736
872 -2385
873 -2144
874 -1946
875 -1800
876 -1533
877 -1194
878 -869
879 -440
880 76
881 642
882 1148
883 1383
884 1359
885 1043
886 554
887 91
888 -230
889 -279
890 -192
891 -149
892 -150
893 -238
894 -355
895 -430
896 -479
897 -432
898 -320
899 -151
900 63
901 289
902 461
903 538
904 476
905 411
906 315
907 204
908 214
909 289
910 437
911 618
912 689
913 693
914 568
915 367
916 331
917 479
918 724
919 931
920 1039
921 1030
922 990
923 811
924 710
925 -172
926 -1571
927 -2461
928 -2676
929 -1940
930 -1036
931 -542
932 -372
933 -1167
934 -2457
935 -3090
936 -2892
937 -1889
938 -857
939 81
940 1357
941 2530
942 3185
943 3387
944 3268
945 3005
946 2735
947 2594
948 2851
949 3442
950 3756
951 3540
952 2922
953 2056
954 1121
955 171
956 -696
957 -1290
958 -1685
959 -1794
960 -1636
961 -1477
962 -1422
963 -1588
964 -1962
965 -2324
966 -2470
967 -2137
968 -1331
969 -316
970 647
971 1328
972 1677
973 1743
974 1542
975 1290
976 1061
977 992
978 1144
979 1429
980 1525
981 1245
982 635
983 -265
984 -1214
985 -2089
986 -2607
987 -2635
988 -2418
989 -2159
990 -1965
991 -1874
992 -1889
993 -1948
994 -1909
995 -1727
996 -1435
997 -962
998 -336
999 310
1000 747
1001 955
1002 969
1003 819
1004 547
1005 233
1006 40
1007 -32
1008 -1
1009 76
1010 133
1011 111
1012 -80
1013 -364
1014 -542
1015 -558
1016 -344
1017 -30
1018 213
1019 332
1020 304
1021 211
1022 97
1023 -14
1024 -56
1025 -95
1026 -63
1027 80
1028 251
1029 487
1030 610
1031 590
1032 432
1033 209
1034 102
1035 180
1036 432
1037 755
1038 1066
1039 1149
1040 1073
1041 795
1042 516
1043 -705
1044 -2061
1045 -2652
1046 -2552
1047 -1687
1048 -1017
1049 -616
1050 -572
1051 -1640
1052 -2921
1053 -3394
1054 -2988
1055 -1976
1056 -1118
1057 -70
1058 1300
1059 2406
1060 2880
1061 2850
1062 2708
1063 2553
1064 2491
1065 2714
1066 3301
1067 4071
1068 4367
1069 3983
1070 3251
1071 2321
1072 1378
1073 493
1074 -199
1075 -590
1076 -785
1077 -828
1078 -812
1079 -912
1080 -1245
1081 -1810
1082 -2365
1083 -2706
1084 -2620
1085 -2053
1086 -1238
1087 -281
1088 516
1089 1043
1090 1245
1091 1116
1092 963
1093 848
1094 845
1095 1109
1096 1581
1097 1985
1098 2016
1099 1573
1100 783
1101 -116
1102 -989
1103 -1692
1104 -2009
1105 -2097
1106 -2012
1107 -1880
1108 -1856
1109 -1922
1110 -2206
1111 -2498
1112 -2499
1113 -2300
1114 -1880
1115 -1270
1116 -652
1117 -107
1118 242
1119 401
1120 431
1121 313
1122 160
1123 100
1124 156
1125 334
1126 447
1127 469
1128 402
1129 185
1130 -93
1131 -360
1132 -495
1133 -427
1134 -226
1135 11
1136 169
1137 211
1138 103
1139 -183
1140 -480
1141 -672
1142 -646
1143 -440
1144 -230
1145 17
1146 255
1147 386
1148 399
1149 323
1150 208
1151 157
1152 164
1153 486
1154 856
1155 1266
1156 1537
1157 1578
1158 1425
1159 1134
1160 -204
1161 -1679
1162 -2180
1163 -2189
1164 -1374
1165 -691
1166 -325
1167 -245
1168 -1398
1169 -2731
1170 -3184
1171 -2979
1172 -2116
1173 -1386
1174 -527
1175 695
1176 1599
1177 2127
1178 2261
1179 2228
1180 2123
1181 2110
1182 2520
1183 3268
1184 3960
1185 4245
1186 4014
1187 3441
1188 2748
1189 2036
1190 1323
1191 788
1192 381
1193 88
1194 -35
1195 -156
1196 -372
1197 -859
1198 -1537
1199 -2128
1200 -2475
1201 -2462
1202 -2057
1203 -1505
1204 -980
1205 -592
1206 -294
1207 -81
1208 22
1209 63
1210 125
1211 307
1212 672
1213 1183
1214 1582
1215 1727
1216 1557
1217 1064
1218 529
1219 -134
1220 -646
1221 -776
1222 -878
1223 -949
1224 -1091
1225 -1334
1226 -1651
1227 -2134
1228 -2457
1229 -2569
1230 -2434
1231 -2072
1232 -1692
1233 -1352
1234 -1125
1235 -960
1236 -728
1237 -481
1238 -296
1239 -172
1240 -40
1241 114
1242 224
1243 278
1244 355
1245 354
1246 237
1247 165
1248 89
1249 101
1250 133
1251 141
1252 214
1253 305
1254 364
1255 334
1256 234
1257 -43
1258 -352
1259 -513
1260 -463
1261 -294
1262 -92
1263 73
1264 126
1265 175
1266 79
1267 64
1268 82
1269 0
1270 162
1271 463
1272 788
1273 1288
1274 1420
1275 1430
1276 251
1277 -1324
1278 -1758
1279 -1981
1280 -1258
1281 -378
1282 -81
1283 26
1284 -1080
1285 -2176
1286 -2313
1287 -2179
1288 -1565
1289 -1105
1290 -378
1291 647
1292 1273
1293 1677
1294 1819
1295 1843
1296 1728
1297 1710
1298 2225
1299 2925
1300 3460
1301 3583
1302 3334
1303 2990
1304 2444
1305 1983
1306 1716
1307 1462
1308 1212
1309 848
1310 694
1311 560
1312 208
1313 -232
1314 -868
1315 -1366
1316 -1638
1317 -1728
1318 -1445
1319 -1178
1320 -1095
1321 -1133
1322 -1232
1323 -1100
1324 -952
1325 -855
1326 -628
1327 -447
1328 -253
1329 88
1330 344
1331 582
1332 689
1333 552
1334 484
1335 367
1336 374
1337 428
1338 204
1339 26
1340 -164
1341 -441
1342 -598
1343 -773
1344 -988
1345 -1222
1346 -1513
1347 -1622
1348 -1534
1349 -1511
1350 -1578
1351 -1678
1352 -1674
1353 -1519
1354 -1365
1355 -1127
1356 -814
1357 -695
1358 -760
1359 -876
1360 -863
1361 -624
1362 -362
1363 -149
1364 -1
1365 99
1366 191
1367 283
1368 357
1369 460
1370 526
1371 635
1372 769
1373 713
1374 560
1375 458
1376 388
1377 298
1378 238
1379 190
1380 193
1381 202
1382 188
1383 203
1384 165
1385 26
1386 -55
1387 2
1388 192
1389 521
1390 751
1391 837
1392 -261
1393 -1038
1394 -1328
1395 -1435
1396 -689
1397 -316
1398 -160
1399 -348
1400 -1271
1401 -1685
1402 -1536
1403 -1243
1404 -815
1405 -502
1406 17
1407 721
1408 1230
1409 1456
1410 1594
1411 1532
1412 1285
1413 1451
1414 1873
1415 2351
1416 2737
1417 2662
1418 2493
1419 2317
1420 1922
1421 1714
1422 1555
1423 1302
1424 1164
1425 1118
1426 1222
1427 1145
1428 798
1429 336
1430 -153
1431 -474
1432 -698
1433 -659
1434 -486
1435 -441
1436 -460
1437 -696
1438 -953
1439 -1100
1440 -1295
1441 -1354
1442 -1371
1443 -1279
1444 -1003
1445 -721
1446 -560
1447 -610
1448 -791
1449 -825
1450 -737
1451 -612
1452 -302
1453 36
1454 205
1455 372
1456 482
1457 414
1458 266
1459 68
1460 5
1461 13
1462 -35
1463 -53
1464 -125
1465 -323
1466 -617
1467 -900
1468 -1071
1469 -1097
1470 -1177
1471 -1278
1472 -1238
1473 -1158
1474 -1087
1475 -1058
1476 -1128
1477 -1148
1478 -1067
1479 -955
1480 -685
1481 -520
1482 -476
1483 -338
1484 -227
1485 -42
1486 123
1487 287
1488 469
1489 466
1490 399
1491 468
1492 599
1493 676
1494 609
1495 492
1496 359
1497 215
1498 274
1499 390
1500 375
1501 419
1502 271
1503 73
1504 115
1505 120
1506 247
1507 355
1508 458
1509 425
1510 -99
1511 -334
1512 -489
1513 -456
1514 -300
1515 -299
1516 -107
1517 -251
1518 -552
1519 -674
1520 -799
1521 -590
1522 -468
1523 -375
1524 -122
1525 -68
1526 186
1527 335
1528 433
1529 512
1530 345
1531 453
1532 616
1533 776
1534 1109
1535 1269
1536 1318
1537 1321
1538 1261
1539 1357
1540 1572
1541 1742
1542 1883
1543 1969
1544 1966
1545 1922
1546 1846
1547 1820
1548 1827
1549 1642
1550 1337
1551 1137
1552 922
1553 758
1554 562
1555 253
1556 -13
1557 -404
1558 -798
1559 -1024
1560 -1208
1561 -1380
1562 -1586
1563 -1753
1564 -1848
1565 -1921
1566 -1883
1567 -1767
1568 -1697
1569 -1691
1570 -1649
1571 -1460
1572 -1150
1573 -811
1574 -568
1575 -420
1576 -308
1577 -187
1578 -65
1579 28
1580 9
1581 -47
1582 -148
1583 -245
1584 -260
1585 -217
1586 -176
1587 -253
1588 -444
1589 -676
1590 -777
1591 -786
1592 -780
1593 -752
1594 -743
1595 -750
1596 -705
1597 -682
1598 -663
1599 -599
1600 -466
1601 -344
1602 -194
1603 -80
1604 57
1605 229
1606 225
1607 209
1608 189
1609 174
1610 221
1611 226
1612 210
1613 237
1614 266
1615 326
1616 416
1617 413
1618 323
1619 297
1620 362
1621 463
1622 557
1623 596
1624 655
1625 707
1626 707
1627 708
1628 662
1629 665
1630 699
1631 651
1632 662
1633 652
1634 620
1635 497
1636 247
1637 191
1638 228
1639 339
1640 359
1641 208
1642 56
1643 -150
1644 -286
1645 -417
1646 -599
1647 -792
1648 -963
1649 -1043
1650 -991
1651 -897
1652 -804
1653 -858
1654 -968
1655 -944
1656 -832
1657 -547
1658 -215
1659 136
1660 432
1661 595
1662 788
1663 998
1664 1187
1665 1363
1666 1399
1667 1481
1668 1542
1669 1591
1670 1713
1671 1628
1672 1508
1673 1355
1674 1087
1675 934
1676 730
1677 430
1678 204
1679 14
1680 -41
1681 -66
1682 -160
1683 -253
1684 -355
1685 -493
1686 -575
1687 -575
1688 -480
1689 -289
1690 -108
1691 8
1692 107
1693 143
1694 74
1695 -22
1696 -125
1697 -152
1698 -132
1699 -148
1700 -225
1701 -387
1702 -569
1703 -689
1704 -809
1705 -976
1706 -1147
1707 -1277
1708 -1308
1709 -1269
1710 -1233
1711 -1204
1712 -1230
1713 -1272
1714 -1284
1715 -1360
1716 -1340
1717 -1217
1718 -1024
1719 -861
1720 -671
1721 -479
1722 -375
1723 -336
1724 -387
1725 -396
1726 -347
1727 -278
1728 -118
1729 6
1730 108
1731 208
1732 250
1733 265
1734 246
1735 221
1736 262
1737 389
1738 543
1739 679
1740 724
1741 761
1742 754
1743 752
1744 793
1745 836
1746 876
1747 881
1748 902
1749 957
1750 982
1751 882
1752 812
1753 786
1754 720
1755 694
1756 687
1757 680
1758 643
1759 520
1760 393
1761 234
1762 38
1763 -151
1764 -332
1765 -440
1766 -512
1767 -556
1768 -588
1769 -720
1770 -843
1771 -950
1772 -1004
1773 -954
1774 -908
1775 -745
1776 -580
1777 -396
1778 -171
1779 16
1780 226
1781 390
1782 511
1783 642
1784 738
1785 901
1786 1085
1787 1192
1788 1282
1789 1254
1790 1184
1791 1076
1792 916
1793 776
1794 544
1795 398
1796 375
1797 291
1798 276
1799 206
1800 42
1801 -77
1802 -227
1803 -248
1804 -144
1805 -82
1806 57
1807 182
1808 248
1809 339
1810 368
1811 343
1812 259
1813 63
1814 33
1815 101
1816 112
1817 63
1818 -118
1819 -331
1820 -522
1821 -746
1822 -882
1823 -983
1824 -1085
1825 -1145
1826 -1235
1827 -1297
1828 -1361
1829 -1388
1830 -1423
1831 -1507
1832 -1529
1833 -1453
1834 -1381
1835 -1305
1836 -1185
1837 -1056
1838 -860
1839 -737
1840 -664
1841 -575
1842 -503
1843 -429
1844 -325
1845 -214
1846 -45
1847 104
1848 178
1849 223
1850 296
1851 409
1852 529
1853 617
1854 661
1855 706
1856 715
1857 757
1858 796
1859 772
1860 746
1861 698
1862 722
1863 828
1864 904
1865 952
1866 926
1867 815
1868 784
1869 793
1870 862
1871 941
1872 898
1873 815
1874 736
1875 671
1876 638
1877 543
1878 396
1879 258
1880 34
1881 -110
1882 -147
1883 -162
1884 -236
1885 -377
1886 -526
1887 -637
1888 -734
1889 -773
1890 -778
1891 -800
1892 -846
1893 -805
1894 -666
1895 -519
1896 -380
1897 -239
1898 -93
1899 17
1900 120
1901 237
1902 373
1903 484
1904 560
1905 617
1906 691
1907 753
1908 744
1909 625
1910 473
1911 321
1912 221
1913 175
1914 128
1915 19
1916 -89
1917 -201
1918 -292
1919 -269
1920 -189
1921 -66
1922 41
1923 118
1924 200
1925 315
1926 426
1927 510
1928 566
1929 554
1930 592
1931 685
1932 707
1933 679
1934 578
1935 414
1936 258
1937 45
1938 -99
1939 -198
1940 -369
1941 -428
1942 -512
1943 -619
1944 -702
1945 -876
1946 -1055
1947 -1235
1948 -1358
1949 -1311
1950 -1216
1951 -1142
1952 -1167
1953 -1249
1954 -1226
1955 -1147
1956 -1016
1957 -891
1958 -778
1959 -696
1960 -617
1961 -499
1962 -394
1963 -258
1964 -188
1965 -136
1966 -56
1967 34
1968 186
1969 339
1970 416
1971 418
1972 380
1973 339
1974 372
1975 360
1976 361
1977 328
1978 331
1979 422
1980 417
1981 456
1982 479
1983 439
1984 448
1985 455
1986 517
1987 648
1988 721
1989 757
1990 732
1991 731
1992 750
1993 709
1994 659
1995 587
1996 493
1997 373
1998 268
1999 247
2000 240
2001 167
2002 115
2003 19
2004 -63
2005 -140
2006 -230
2007 -289
2008 -365
2009 -410
2010 -422
2011 -409
2012 -328
2013 -235
2014 -192
2015 -135
2016 -95
2017 -40
2018 47
2019 150
2020 234
2021 306
2022 356
2023 361
2024 293
2025 174
2026 83
2027 20
2028 -29
2029 -65
2030 -74
2031 -151
2032 -277
2033 -403
2034 -518
2035 -578
2036 -578
2037 -494
2038 -330
2039 -149
2040 24
2041 184
2042 266
2043 304
2044 326
2045 329
2046 442
2047 636
2048 847
2049 1006
2050 1020
2051 974
2052 818
2053 645
2054 523
2055 404
2056 330
2057 276
2058 188
2059 72
2060 -98
2061 -299
2062 -534
2063 -784
2064 -959
2065 -1056
2066 -1087
2067 -1040
2068 -947
2069 -912
2070 -952
2071 -962
2072 -945
2073 -908
2074 -814
2075 -655
2076 -472
2077 -349
2078 -258
2079 -193
2080 -135
2081 -58
2082 -40
2083 -48
2084 -16
2085 21
2086 121
2087 222
2088 253
2089 254
2090 209
2091 99
2092 -26
2093 -146
2094 -183
2095 -92
2096 -17
2097 32
2098 56
2099 42
2100 26
2101 -47
2102 -83
2103 -24
2104 42
2105 116
2106 189
2107 269
2108 350
2109 357
2110 317
2111 292
2112 277
2113 291
2114 271
2115 283
2116 300
2117 312
2118 354
2119 394
2120 385
2121 309
2122 188
2123 66
2124 39
2125 59
2126 82
2127 104
2128 117
2129 90
2130 76
2131 60
2132 66
2133 102
2134 97
2135 113
2136 185
2137 275
2138 328
2139 307
2140 220
2141 42
2142 -136
2143 -217
2144 -243
2145 -201
2146 -212
2147 -277
2148 -302
2149 -427
2150 -525
2151 -596
2152 -643
2153 -552
2154 -500
2155 -421
2156 -264
2157 -117
2158 11
2159 116
2160 171
2161 224
2162 303
2163 469
2164 685
2165 893
2166 1061
2167 1077
2168 1035
2169 957
2170 860
2171 813
2172 772
2173 743
2174 669
2175 557
2176 426
2177 286
2178 136
2179 -46
2180 -192
2181 -337
2182 -454
2183 -500
2184 -495
2185 -531
2186 -601
2187 -627
2188 -629
2189 -611
2190 -614
2191 -624
2192 -570
2193 -482
2194 -405
2195 -342
2196 -287
2197 -270
2198 -344
2199 -396
2200 -416
2201 -398
2202 -399
2203 -425
2204 -413
2205 -376
2206 -352
2207 -333
2208 -385
2209 -481
2210 -552
2211 -624
2212 -585
2213 -468
2214 -353
2215 -269
2216 -254
2217 -257
2218 -233
2219 -216
2220 -212
2221 -146
2222 -21
2223 87
2224 182
2225 286
2226 351
2227 372
2228 346
2229 286
2230 242
2231 243
2232 297
2233 367
2234 441
2235 452
2236 460
2237 447
2238 381
2239 305
2240 247
2241 248
2242 265
2243 328
2244 400
2245 404
2246 347
2247 300
2248 256
2249 227
2250 208
2251 214
2252 284
2253 301
2254 305
2255 290
2256 256
2257 154
2258 17
2259 -75
2260 -156
2261 -183
2262 -131
2263 -148
2264 -195
2265 -254
2266 -347
2267 -399
2268 -454
2269 -423
2270 -362
2271 -300
2272 -256
2273 -223
2274 -162
2275 -60
2276 50
2277 105
2278 184
2279 282
2280 424
2281 585
2282 722
2283 822
2284 856
2285 820
2286 788
2287 782
2288 767
2289 780
2290 752
2291 674
2292 549
2293 391
2294 251
2295 104
2296 13
2297 -113
2298 -192
2299 -237
2300 -302
2301 -347
2302 -396
2303 -430
2304 -413
2305 -415
2306 -385
2307 -372
2308 -401
2309 -398
2310 -438
2311 -398
2312 -338
2313 -312
2314 -302
2315 -338
2316 -350
2317 -372
2318 -408
2319 -377
2320 -432
2321 -492
2322 -499
2323 -490
2324 -453
2325 -448
2326 -464
2327 -510
2328 -567
2329 -588
2330 -558
2331 -495
2332 -461
2333 -452
2334 -447
2335 -416
2336 -362
2337 -329
2338 -289
2339 -242
2340 -193
2341 -139
2342 -73
2343 2
2344 31
2345 24
2346 -1
2347 19
2348 52
2349 120
2350 205
2351 271
2352 316
2353 321
2354 346
2355 367
2356 369
2357 310
2358 245
2359 279
2360 390
2361 468
2362 514
2363 548
2364 531
2365 521
2366 492
2367 513
2368 577
2369 598
2370 581
2371 510
2372 418
2373 341
2374 266
2375 177
2376 122
2377 121
2378 92
2379 49
2380 -30
2381 -109
2382 -177
2383 -246
2384 -268
2385 -250
2386 -253
2387 -252
2388 -250
2389 -271
2390 -284
2391 -293
2392 -260
2393 -182
2394 -74
2395 49
2396 159
2397 258
2398 339
2399 408
2400 468
2401 522
2402 595
2403 653
2404 692
2405 710
2406 680
2407 611
2408 577
2409 533
2410 456
2411 388
2412 339
2413 273
2414 216
2415 141
2416 99
2417 73
2418 -9
2419 -77
2420 -138
2421 -136
2422 -98
2423 -86
2424 -126
2425 -217
2426 -305
2427 -352
2428 -360
2429 -375
2430 -393
2431 -471
2432 -518
2433 -524
2434 -556
2435 -595
2436 -641
2437 -708
2438 -793
2439 -815
2440 -775
2441 -716
2442 -673
2443 -683
2444 -712
2445 -703
2446 -704
2447 -658
2448 -587
2449 -572
2450 -564
2451 -548
2452 -509
2453 -440
2454 -368
2455 -337
2456 -281
2457 -216
2458 -125
2459 -35
2460 14
2461 30
2462 24
2463 45
2464 55
2465 103
2466 160
2467 237
2468 315
2469 362
2470 368
2471 375
2472 404
2473 403
2474 453
2475 492
2476 469
2477 441
2478 439
2479 473
2480 532
2481 541
2482 562
2483 525
2484 468
2485 467
2486 476
2487 461
2488 427
2489 390
2490 333
2491 281
2492 252
2493 274
2494 254
2495 195
2496 112
2497 21
2498 -45
2499 -97
2500 -94
2501 -61
2502 -64
2503 -92
2504 -146
2505 -143
2506 -152
2507 -156
2508 -157
2509 -141
2510 -89
2511 -63
2512 -4
2513 77
2514 143
2515 196
2516 225
2517 257
2518 295
2519 319
2520 376
2521 447
2522 468
2523 457
2524 425
2525 390
2526 334
2527 284
2528 263
2529 253
2530 269
2531 274
2532 222
2533 194
2534 191
2535 163
2536 113
2537 99
2538 111
2539 86
2540 71
2541 49
2542 12
2543 -61
2544 -137
2545 -183
2546 -208
2547 -225
2548 -279
2549 -347
2550 -387
2551 -483
2552 -543
2553 -572
2554 -627
2555 -671
2556 -741
2557 -744
2558 -707
2559 -701
2560 -737
2561 -766
2562 -794
2563 -779
2564 -747
2565 -694
2566 -646
2567 -578
2568 -571
2569 -598
2570 -573
2571 -535
2572 -481
2573 -474
2574 -444
2575 -378
2576 -307
2577 -247
2578 -173
2579 -156
2580 -149
2581 -110
2582 -55
2583 6
2584 91
2585 182
2586 253
2587 338
2588 373
2589 456
2590 555
2591 629
2592 641
2593 627
2594 625
2595 615
2596 640
2597 678
2598 695
2599 715
2600 708
2601 678
2602 645
2603 617
2604 554
2605 459
2606 369
2607 316
2608 316
2609 316
2610 279
2611 206
2612 139
2613 32
2614 -71
2615 -143
2616 -187
2617 -214
2618 -233
2619 -248
2620 -288
2621 -299
2622 -313
2623 -360
2624 -387
2625 -372
2626 -320
2627 -243
2628 -200
2629 -138
2630 -75
2631 -19
2632 14
2633 54
2634 113
2635 138
2636 178
2637 229
2638 300
2639 368
2640 410
2641 422
2642 421
2643 363
2644 334
2645 370
2646 404
2647 442
2648 463
2649 447
2650 456
2651 461
2652 443
2653 436
2654 442
2655 394
2656 346
2657 305
2658 260
2659 220
2660 150
2661 99
2662 62
2663 22
2664 -35
2665 -82
2666 -154
2667 -254
2668 -310
2669 -394
2670 -477
2671 -512
2672 -542
2673 -539
2674 -528
2675 -500
2676 -484
2677 -505
2678 -528
2679 -526
2680 -507
2681 -492
2682 -493
2683 -469
2684 -428
2685 -396
2686 -407
2687 -469
2688 -555
2689 -606
2690 -635
2691 -641
2692 -627
2693 -611
2694 -617
2695 -656
2696 -681
2697 -713
2698 -711
2699 -668
2700 -629
2701 -582
2702 -513
2703 -432
2704 -359
2705 -296
2706 -224
2707 -134
2708 -32
2709 78
2710 155
2711 250
2712 352
2713 460
2714 548
2715 637
2716 733
2717 781
2718 799
2719 822
2720 853
2721 837
2722 824
2723 799
2724 766
2725 733
2726 690
2727 671
2728 645
2729 603
2730 570
2731 515
2732 443
2733 392
2734 349
2735 296
2736 239
2737 190
2738 144
2739 106
2740 36
2741 -16
2742 -39
2743 -34
2744 -75
2745 -141
2746 -183
2747 -186
2748 -163
2749 -167
2750 -170
2751 -182
2752 -192
2753 -174
2754 -170
2755 -161
2756 -132
2757 -98
2758 -51
2759 1
2760 31
2761 100
2762 163
2763 216
2764 257
2765 303
2766 355
2767 364
2768 417
2769 454
2770 511
2771 551
2772 542
2773 511
2774 467
2775 403
2776 344
2777 300
2778 279
2779 253
2780 180
2781 110
2782 19
2783 -63
2784 -160
2785 -264
2786 -355
2787 -440
2788 -493
2789 -541
2790 -580
2791 -585
2792 -599
2793 -613
2794 -624
2795 -607
2796 -580
2797 -570
2798 -540
2799 -509
2800 -481
2801 -455
2802 -424
2803 -441
2804 -494
2805 -526
2806 -541
2807 -541
2808 -557
2809 -585
2810 -594
2811 -590
2812 -604
2813 -626
2814 -630
2815 -611
2816 -567
2817 -498
2818 -434
2819 -364
2820 -327
2821 -312
2822 -282
2823 -234
2824 -158
2825 -76
2826 26
2827 119
2828 206
2829 248
2830 302
2831 382
2832 464
2833 535
2834 598
2835 661
2836 681
2837 672
2838 635
2839 620
2840 633
2841 601
2842 547
2843 513
2844 504
2845 519
2846 515
2847 512
2848 469
2849 426
2850 407
2851 437
2852 462
2853 476
2854 466
2855 412
2856 385
2857 369
2858 361
2859 361
2860 318
2861 234
2862 189
2863 126
2864 78
2865 35
2866 -32
2867 -105
2868 -165
2869 -194
2870 -215
2871 -248
2872 -271
2873 -269
2874 -269
2875 -288
2876 -283
2877 -271
2878 -200
2879 -163
2880 -73
2881 -56
2882 15
2883 0
2884 34
2885 -151
2886 -422
2887 -22
2888 320
2889 524
2890 398
2891 483
2892 455
2893 179
2894 133
2895 261
2896 416
2897 695
2898 558
2899 409
2900 357
2901 175
2902 115
2903 95
2904 295
2905 286
2906 193
2907 -92
2908 -303
2909 -443
2910 -679
2911 -518
2912 -527
2913 -398
2914 -421
2915 -471
2916 -473
2917 -617
2918 -668
2919 -575
2920 -530
2921 -365
2922 -284
2923 -327
2924 -472
2925 -657
2926 -688
2927 -762
2928 -619
2929 -498
2930 -403
2931 -535
2932 -714
2933 -803
2934 -879
2935 -819
2936 -750
2937 -527
2938 -435
2939 -518
2940 -537
2941 -523
2942 -493
2943 -303
2944 -99
2945 -4
2946 165
2947 322
2948 293
2949 247
2950 369
2951 490
2952 630
2953 780
2954 837
2955 757
2956 765
2957 728
2958 676
2959 608
2960 250
2961 381
2962 375
2963 449
2964 539
2965 505
2966 386
2967 4
2968 -260
2969 -138
2970 -88
2971 181
2972 200
2973 79
2974 60
2975 -268
2976 -120
2977 -180
2978 -8
2979 204
2980 312
2981 458
2982 407
2983 171
2984 35
2985 16
2986 220
2987 445
2988 645
2989 808
2990 646
2991 559
2992 429
2993 515
2994 682
2995 832
2996 954
2997 937
2998 822
2999 771
3000 671
3001 598
3002 581
3003 688
3004 682
3005 517
3006 382
3007 209
3008 2
3009 -95
3010 -11
3011 4
3012 -141
3013 -316
3014 -552
3015 -747
3016 -816
3017 -733
3018 -718
3019 -687
3020 -677
3021 -809
3022 -905
3023 -846
3024 -928
3025 -965
3026 -778
3027 -620
3028 -469
3029 -540
3030 -600
3031 -607
3032 -650
3033 -726
3034 -563
3035 -396
3036 -341
3037 -429
3038 -460
3039 -450
3040 -407
3041 -351
3042 -362
3043 -278
3044 -262
3045 -254
3046 -255
3047 -334
3048 -401
3049 -260
3050 -170
3051 -64
3052 -111
3053 -132
3054 -55
3055 -136
3056 -92
3057 46
3058 201
3059 192
3060 177
3061 90
3062 139
3063 123
3064 218
3065 -800
3066 -647
3067 -261
3068 48
3069 155
3070 123
3071 -264
3072 -875
3073 -1340
3074 -1142
3075 -478
3076 -361
3077 -188
3078 -499
3079 -811
3080 -1020
3081 -708
3082 -481
3083 126
3084 579
3085 786
3086 832
3087 656
3088 701
3089 991
3090 1446
3091 2144
3092 2461
3093 2281
3094 1862
3095 1718
3096 1937
3097 2284
3098 2599
3099 2743
3100 2534
3101 1926
3102 1458
3103 1407
3104 1480
3105 1509
3106 1347
3107 1092
3108 836
3109 303
3110 -263
3111 -483
3112 -466
3113 -411
3114 -487
3115 -762
3116 -1119
3117 -1503
3118 -1772
3119 -1659
3120 -1368
3121 -1286
3122 -1477
3123 -1731
3124 -1851
3125 -1687
3126 -1429
3127 -1131
3128 -921
3129 -962
3130 -1106
3131 -1013
3132 -829
3133 -608
3134 -432
3135 -216
3136 -45
3137 -89
3138 -154
3139 -164
3140 -3
3141 142
3142 296
3143 416
3144 294
3145 97
3146 -49
3147 -7
3148 74
3149 186
3150 64
3151 -173
3152 -513
3153 -624
3154 -531
3155 -467
3156 -369
3157 -563
3158 -591
3159 -781
3160 -794
3161 -867
3162 -643
3163 -575
3164 -373
3165 -689
3166 -2051
3167 -1586
3168 -1009
3169 -496
3170 -374
3171 -357
3172 -1138
3173 -1584
3174 -2173
3175 -1279
3176 -373
3177 -183
3178 -49
3179 -874
3180 -1266
3181 -1019
3182 -390
3183 211
3184 1057
3185 1253
3186 1194
3187 895
3188 786
3189 1321
3190 1874
3191 2479
3192 3088
3193 2911
3194 2330
3195 1994
3196 2268
3197 2833
3198 3114
3199 3042
3200 2828
3201 2226
3202 1585
3203 1601
3204 1954
3205 2161
3206 1841
3207 1177
3208 636
3209 335
3210 65
3211 -20
3212 -83
3213 -143
3214 -342
3215 -947
3216 -1419
3217 -1416
3218 -1292
3219 -1287
3220 -1269
3221 -1330
3222 -1607
3223 -1859
3224 -1706
3225 -1383
3226 -1093
3227 -1006
3228 -1120
3229 -1304
3230 -1300
3231 -1001
3232 -479
3233 -149
3234 -108
3235 -334
3236 -349
3237 -195
3238 -18
3239 166
3240 419
3241 564
3242 346
3243 58
3244 -35
3245 -21
3246 56
3247 123
3248 129
3249 -259
3250 -499
3251 -690
3252 -696
3253 -632
3254 -541
3255 -476
3256 -749
3257 -1056
3258 -988
3259 -746
3260 -544
3261 -624
3262 -2220
3263 -1827
3264 -1248
3265 -687
3266 -593
3267 -831
3268 -1600
3269 -2000
3270 -2498
3271 -1638
3272 -851
3273 -843
3274 -705
3275 -1631
3276 -1831
3277 -1363
3278 -616
3279 -195
3280 385
3281 671
3282 880
3283 527
3284 522
3285 1401
3286 1949
3287 2403
3288 2825
3289 2660
3290 2270
3291 2030
3292 2483
3293 3286
3294 3461
3295 2968
3296 2568
3297 2282
3298 2034
3299 2109
3300 2248
3301 2326
3302 1514
3303 553
3304 304
3305 560
3306 479
3307 78
3308 -308
3309 -635
3310 -906
3311 -1220
3312 -1232
3313 -1065
3314 -965
3315 -1233
3316 -1565
3317 -1691
3318 -1495
3319 -1193
3320 -996
3321 -692
3322 -557
3323 -832
3324 -959
3325 -650
3326 -294
3327 75
3328 449
3329 530
3330 336
3331 47
3332 316
3333 816
3334 936
3335 970
3336 783
3337 551
3338 329
3339 284
3340 302
3341 396
3342 208
3343 -156
3344 -545
3345 -741
3346 -793
3347 -715
3348 -851
3349 -937
3350 -1211
3351 -1182
3352 -1273
3353 -963
3354 -1930
3355 -2938
3356 -1975
3357 -1209
3358 -1055
3359 -1376
3360 -1924
3361 -2386
3362 -2542
3363 -2673
3364 -1339
3365 -1243
3366 -1173
3367 -1561
3368 -2220
3369 -1863
3370 -797
3371 -269
3372 -32
3373 392
3374 728
3375 896
3376 651
3377 1486
3378 2478
3379 2677
3380 2831
3381 2955
3382 2876
3383 2866
3384 2981
3385 3536
3386 3886
3387 3226
3388 2625
3389 2673
3390 2662
3391 2498
3392 2166
3393 2024
3394 1616
3395 647
3396 74
3397 180
3398 122
3399 -368
3400 -1024
3401 -1683
3402 -1797
3403 -2008
3404 -2210
3405 -2205
3406 -2077
3407 -2152
3408 -2645
3409 -2898
3410 -2462
3411 -1920
3412 -1692
3413 -1564
3414 -1459
3415 -1345
3416 -1163
3417 -687
3418 -63
3419 182
3420 331
3421 551
3422 827
3423 935
3424 1065
3425 1506
3426 1792
3427 1644
3428 1405
3429 1413
3430 1506
3431 1356
3432 1175
3433 1059
3434 981
3435 611
3436 354
3437 167
3438 114
3439 43
3440 -93
3441 -450
3442 -495
3443 -1191
3444 -2678
3445 -1872
3446 -1176
3447 -928
3448 -1421
3449 -1979
3450 -2595
3451 -2760
3452 -3006
3453 -1833
3454 -1468
3455 -1754
3456 -1924
3457 -2716
3458 -2535
3459 -1511
3460 -762
3461 -513
3462 -235
3463 -123
3464 357
3465 279
3466 820
3467 2031
3468 2270
3469 2303
3470 2527
3471 2743
3472 3034
3473 3190
3474 3457
3475 3925
3476 3754
3477 3307
3478 3286
3479 3342
3480 3313
3481 2899
3482 2555
3483 2355
3484 1586
3485 970
3486 890
3487 762
3488 193
3489 -679
3490 -1497
3491 -1701
3492 -1763
3493 -2009
3494 -2350
3495 -2526
3496 -2701
3497 -3118
3498 -3361
3499 -3122
3500 -2757
3501 -2672
3502 -2684
3503 -2519
3504 -2223
3505 -2017
3506 -1793
3507 -1293
3508 -905
3509 -685
3510 -310
3511 38
3512 221
3513 507
3514 928
3515 1342
3516 1258
3517 1036
3518 1291
3519 1612
3520 1618
3521 1490
3522 1349
3523 1185
3524 1128
3525 819
3526 869
3527 637
3528 534
3529 191
3530 82
3531 -890
3532 -2144
3533 -1471
3534 -820
3535 -778
3536 -1438
3537 -1985
3538 -2603
3539 -2815
3540 -3207
3541 -1909
3542 -1496
3543 -1807
3544 -2155
3545 -2856
3546 -2614
3547 -1435
3548 -611
3549 -404
3550 -173
3551 -107
3552 223
3553 357
3554 1173
3555 2345
3556 2506
3557 2568
3558 2677
3559 2816
3560 3266
3561 3677
3562 4082
3563 4331
3564 3905
3565 3554
3566 3582
3567 3570
3568 3705
3569 3315
3570 2951
3571 2784
3572 2072
3573 1302
3574 1138
3575 1219
3576 736
3577 -109
3578 -805
3579 -1068
3580 -1527
3581 -1918
3582 -2111
3583 -2169
3584 -2420
3585 -2995
3586 -3446
3587 -3485
3588 -3052
3589 -2758
3590 -2795
3591 -2851
3592 -2764
3593 -2521
3594 -2248
3595 -1875
3596 -1478
3597 -1171
3598 -967
3599 -603
3600 -276
3601 -83
3602 219
3603 604
3604 789
3605 783
3606 857
3607 1103
3608 1194
3609 1041
3610 827
3611 955
3612 954
3613 763
3614 485
3615 339
3616 381
3617 164
3618 -497
3619 -2124
3620 -1734
3621 -1032
3622 -720
3623 -1364
3624 -1988
3625 -2488
3626 -2743
3627 -3239
3628 -2578
3629 -1661
3630 -1979
3631 -2151
3632 -2877
3633 -2842
3634 -1846
3635 -1045
3636 -711
3637 -269
3638 -145
3639 216
3640 266
3641 881
3642 2213
3643 2680
3644 2597
3645 2834
3646 3042
3647 3378
3648 3584
3649 4055
3650 4567
3651 4098
3652 3688
3653 3698
3654 3941
3655 3910
3656 3440
3657 2974
3658 2903
3659 2477
3660 1822
3661 1493
3662 1313
3663 979
3664 100
3665 -694
3666 -828
3667 -979
3668 -1521
3669 -2078
3670 -2383
3671 -2452
3672 -2763
3673 -3103
3674 -2974
3675 -2851
3676 -2874
3677 -3005
3678 -2908
3679 -2523
3680 -2144
3681 -1931
3682 -1693
3683 -1508
3684 -1245
3685 -716
3686 -192
3687 209
3688 348
3689 444
3690 670
3691 1014
3692 1336
3693 1523
3694 1631
3695 1628
3696 1540
3697 1269
3698 1288
3699 1397
3700 1532
3701 1086
3702 703
3703 455
3704 390
3705 -866
3706 -2131
3707 -1326
3708 -759
3709 -1081
3710 -2226
3711 -2807
3712 -3103
3713 -3478
3714 -3785
3715 -2943
3716 -2816
3717 -3124
3718 -3550
3719 -4072
3720 -3517
3721 -2345
3722 -1823
3723 -1720
3724 -1570
3725 -934
3726 -418
3727 -406
3728 619
3729 1921
3730 2149
3731 2119
3732 2613
3733 3221
3734 3534
3735 3693
3736 4343
3737 4726
3738 4291
3739 4032
3740 4236
3741 4635
3742 4678
3743 3936
3744 3326
3745 3156
3746 2812
3747 2295
3748 1882
3749 1817
3750 1196
3751 -222
3752 -1019
3753 -902
3754 -1024
3755 -1662
3756 -2281
3757 -2763
3758 -3120
3759 -3485
3760 -3438
3761 -3116
3762 -3074
3763 -3207
3764 -3397
3765 -3288
3766 -2768
3767 -2144
3768 -1792
3769 -1549
3770 -1392
3771 -1153
3772 -523
3773 223
3774 674
3775 781
3776 882
3777 1167
3778 1638
3779 1961
3780 2249
3781 2411
3782 2506
3783 2030
3784 2059
3785 2199
3786 2346
3787 2240
3788 1882
3789 1548
3790 1490
3791 430
3792 -1293
3793 -720
3794 -9
3795 25
3796 -1276
3797 -2295
3798 -2734
3799 -3015
3800 -3428
3801 -2760
3802 -2569
3803 -3218
3804 -3663
3805 -4343
3806 -3990
3807 -2942
3808 -2386
3809 -2473
3810 -2506
3811 -2000
3812 -1248
3813 -1149
3814 -555
3815 868
3816 1272
3817 1220
3818 1529
3819 2326
3820 3116
3821 3283
3822 3498
3823 3981
3824 4119
3825 3895
3826 3832
3827 4299
3828 4902
3829 4325
3830 3351
3831 3232
3832 3310
3833 2960
3834 2312
3835 1982
3836 1778
3837 827
3838 -289
3839 -484
3840 -440
3841 -1079
3842 -2019
3843 -2618
3844 -2825
3845 -3151
3846 -3652
3847 -3715
3848 -3492
3849 -3487
3850 -3915
3851 -4204
3852 -3888
3853 -3312
3854 -3018
3855 -2799
3856 -2454
3857 -2076
3858 -1795
3859 -1315
3860 -531
3861 118
3862 329
3863 455
3864 840
3865 1463
3866 1880
3867 2132
3868 2400
3869 2514
3870 2392
3871 2483
3872 2829
3873 3010
3874 3034
3875 2550
3876 2428
3877 1019
3878 329
3879 1188
3880 1775
3881 1246
3882 -86
3883 -1025
3884 -1396
3885 -1700
3886 -2051
3887 -1386
3888 -1719
3889 -2379
3890 -3198
3891 -3775
3892 -3094
3893 -1941
3894 -1999
3895 -2517
3896 -2376
3897 -1825
3898 -1318
3899 -1371
3900 -593
3901 540
3902 507
3903 462
3904 850
3905 1713
3906 2348
3907 2496
3908 2764
3909 3385
3910 3316
3911 3099
3912 3315
3913 3745
3914 4278
3915 3598
3916 2977
3917 3108
3918 3093
3919 2582
3920 2263
3921 2156
3922 1846
3923 885
3924 -66
3925 29
3926 3
3927 -721
3928 -1575
3929 -2086
3930 -2187
3931 -2563
3932 -3201
3933 -3411
3934 -3144
3935 -3079
3936 -3371
3937 -3747
3938 -3527
3939 -3221
3940 -3200
3941 -2917
3942 -2465
3943 -2283
3944 -2252
3945 -1830
3946 -1358
3947 -1029
3948 -669
3949 -246
3950 -21
3951 251
3952 544
3953 1134
3954 1482
3955 1524
3956 1450
3957 1786
3958 1952
3959 2198
3960 1966
3961 2036
3962 989
3963 -277
3964 702
3965 1542
3966 1293
3967 147
3968 -568
3969 -937
3970 -953
3971 -1734
3972 -1066
3973 -791
3974 -1393
3975 -2191
3976 -3020
3977 -2547
3978 -1075
3979 -947
3980 -1693
3981 -1576
3982 -928
3983 -301
3984 -563
3985 -157
3986 1069
3987 1458
3988 1044
3989 1289
3990 1944
3991 2722
3992 2733
3993 2615
3994 3132
3995 3596
3996 3351
3997 3134
3998 3494
3999 4079
4000 3761
4001 2820
4002 2814
4003 3222
4004 2774
4005 1908
4006 1762
4007 1901
4008 1145
4009 16
4010 27
4011 311
4012 -444
4013 -1434
4014 -1955
4015 -1895
4016 -2017
4017 -2615
4018 -3055
4019 -3078
4020 -3019
4021 -3221
4022 -3396
4023 -3266
4024 -2948
4025 -2990
4026 -2998
4027 -2659
4028 -2140
4029 -1974
4030 -1886
4031 -1549
4032 -1219
4033 -1017
4034 -682
4035 -394
4036 -25
4037 146
4038 330
4039 540
4040 606
4041 448
4042 753
4043 1056
4044 1317
4045 1072
4046 898
4047 -643
4048 -1320
4049 26
4050 774
4051 502
4052 -819
4053 -1414
4054 -1563
4055 -1607
4056 -2179
4057 -1240
4058 -1065
4059 -1466
4060 -2242
4061 -3080
4062 -2305
4063 -787
4064 -557
4065 -1106
4066 -1002
4067 -336
4068 434
4069 167
4070 756
4071 2049
4072 2321
4073 1918
4074 2020
4075 2886
4076 3707
4077 3470
4078 3195
4079 3745
4080 4057
4081 3792
4082 3464
4083 3757
4084 4225
4085 3515
4086 2602
4087 2721
4088 3008
4089 2355
4090 1469
4091 1500
4092 1685
4093 733
4094 -434
4095 -408
4096 -79
4097 -503
4098 -1544
4099 -2350
4100 -2157
4101 -2033
4102 -2392
4103 -2927
4104 -3004
4105 -2804
4106 -3034
4107 -3270
4108 -2857
4109 -2305
4110 -2462
4111 -2615
4112 -2242
4113 -1655
4114 -1435
4115 -1255
4116 -705
4117 -535
4118 -461
4119 -191
4120 235
4121 552
4122 451
4123 569
4124 978
4125 1044
4126 804
4127 593
4128 879
4129 1219
4130 1123
4131 -251
4132 -1758
4133 -863
4134 35
4135 -152
4136 -1302
4137 -1888
4138 -2082
4139 -2187
4140 -2999
4141 -2735
4142 -2046
4143 -2267
4144 -2672
4145 -3538
4146 -3437
4147 -2306
4148 -1570
4149 -1823
4150 -1549
4151 -949
4152 -393
4153 -504
4154 -170
4155 1293
4156 2070
4157 1822
4158 1799
4159 2580
4160 3430
4161 3655
4162 3527
4163 4100
4164 4465
4165 4101
4166 3828
4167 4304
4168 5000
4169 4556
4170 3455
4171 3182
4172 3590
4173 3246
4174 2241
4175 1890
4176 2228
4177 1501
4178 -5
4179 -321
4180 154
4181 -60
4182 -1139
4183 -2039
4184 -2298
4185 -2300
4186 -2576
4187 -2851
4188 -3068
4189 -3140
4190 -3226
4191 -3501
4192 -3302
4193 -2829
4194 -2651
4195 -2761
4196 -2516
4197 -1858
4198 -1471
4199 -1458
4200 -1052
4201 -360
4202 -238
4203 -184
4204 292
4205 834
4206 941
4207 851
4208 1171
4209 1519
4210 1469
4211 1187
4212 1355
4213 1521
4214 1469
4215 -133
4216 -1243
4217 98
4218 622
4219 -32
4220 -1469
4221 -1958
4222 -1842
4223 -2006
4224 -2903
4225 -2421
4226 -2213
4227 -2938
4228 -3410
4229 -3982
4230 -3319
4231 -2257
4232 -2385
4233 -2953
4234 -2478
4235 -1432
4236 -787
4237 -1208
4238 -665
4239 863
4240 1161
4241 815
4242 1263
4243 2602
4244 3305
4245 2970
4246 2768
4247 3826
4248 4450
4249 4203
4250 3897
4251 4268
4252 4896
4253 4463
4254 3722
4255 3862
4256 4377
4257 3771
4258 2465
4259 2175
4260 2695
4261 2189
4262 832
4263 460
4264 653
4265 199
4266 -819
4267 -1425
4268 -1508
4269 -1848
4270 -2460
4271 -2791
4272 -2880
4273 -2934
4274 -3123
4275 -3489
4276 -3356
4277 -2994
4278 -3038
4279 -3180
4280 -2769
4281 -2130
4282 -1841
4283 -1839
4284 -1445
4285 -897
4286 -718
4287 -323
4288 411
4289 776
4290 607
4291 786
4292 1295
4293 1581
4294 1562
4295 1595
4296 2015
4297 1688
4298 1364
4299 -528
4300 -206
4301 1352
4302 1181
4303 -67
4304 -1209
4305 -1232
4306 -1428
4307 -2010
4308 -2698
4309 -1463
4310 -1966
4311 -3257
4312 -3818
4313 -3800
4314 -2695
4315 -2194
4316 -2950
4317 -3236
4318 -2599
4319 -1794
4320 -1383
4321 -1585
4322 -676
4323 365
4324 60
4325 55
4326 1135
4327 2378
4328 2784
4329 2110
4330 2402
4331 3525
4332 3739
4333 3566
4334 3722
4335 4459
4336 4713
4337 3807
4338 3397
4339 4190
4340 4390
4341 3378
4342 2478
4343 2686
4344 2959
4345 1890
4346 820
4347 1069
4348 1063
4349 253
4350 -622
4351 -1070
4352 -1133
4353 -1484
4354 -2159
4355 -2412
4356 -2415
4357 -2564
4358 -2929
4359 -3368
4360 -3208
4361 -2725
4362 -2678
4363 -2857
4364 -2704
4365 -2333
4366 -1984
4367 -1820
4368 -1259
4369 -812
4370 -879
4371 -681
4372 260
4373 880
4374 795
4375 871
4376 1222
4377 1659
4378 1402
4379 1854
4380 2239
4381 2171
4382 147
4383 -594
4384 1172
4385 1736
4386 1072
4387 -585
4388 -786
4389 -929
4390 -1415
4391 -2406
4392 -1552
4393 -1142
4394 -2460
4395 -3384
4396 -4025
4397 -3021
4398 -2206
4399 -2803
4400 -3415
4401 -2846
4402 -2094
4403 -1885
4404 -2344
4405 -1630
4406 26
4407 -152
4408 -866
4409 -117
4410 1326
4411 2173
4412 1545
4413 1469
4414 2834
4415 3445
4416 2962
4417 2788
4418 3743
4419 4696
4420 4107
4421 3080
4422 3723
4423 4418
4424 3828
4425 2765
4426 2797
4427 3436
4428 2727
4429 1197
4430 1079
4431 1702
4432 1290
4433 167
4434 -618
4435 -533
4436 -882
4437 -1675
4438 -1978
4439 -1876
4440 -2082
4441 -2567
4442 -3062
4443 -2973
4444 -2568
4445 -2714
4446 -2825
4447 -2545
4448 -2270
4449 -2305
4450 -2314
4451 -1753
4452 -1040
4453 -955
4454 -898
4455 -443
4456 105
4457 299
4458 553
4459 988
4460 1499
4461 1370
4462 1516
4463 1693
4464 2153
4465 435
4466 -223
4467 1536
4468 1942
4469 1240
4470 -372
4471 -212
4472 -108
4473 -465
4474 -1974
4475 -1002
4476 -683
4477 -1819
4478 -2476
4479 -3307
4480 -2181
4481 -1457
4482 -2322
4483 -3305
4484 -2571
4485 -1563
4486 -1269
4487 -2121
4488 -1920
4489 -126
4490 -230
4491 -1090
4492 -661
4493 1063
4494 2012
4495 898
4496 312
4497 1723
4498 2888
4499 2514
4500 1857
4501 2309
4502 3566
4503 3263
4504 2178
4505 2747
4506 3740
4507 3190
4508 1810
4509 1750
4510 3003
4511 2751
4512 1035
4513 754
4514 1436
4515 1359
4516 435
4517 -235
4518 -115
4519 -178
4520 -937
4521 -1528
4522 -1378
4523 -1065
4524 -1429
4525 -2357
4526 -2452
4527 -1846
4528 -1793
4529 -2306
4530 -2321
4531 -1648
4532 -1591
4533 -2044
4534 -1763
4535 -986
4536 -937
4537 -1088
4538 -744
4539 -103
4540 -17
4541 -39
4542 549
4543 848
4544 894
4545 1046
4546 1491
4547 1120
4548 -845
4549 56
4550 1497
4551 1882
4552 318
4553 -303
4554 -233
4555 -76
4556 -859
4557 -1482
4558 225
4559 -536
4560 -1599
4561 -2626
4562 -2010
4563 -723
4564 -713
4565 -1809
4566 -2101
4567 -972
4568 -651
4569 -648
4570 -1029
4571 55
4572 983
4573 90
4574 -334
4575 629
4576 2148
4577 2197
4578 1158
4579 1116
4580 2197
4581 2664
4582 2084
4583 1924
4584 2610
4585 3025
4586 1931
4587 1407
4588 2323
4589 2699
4590 1553
4591 637
4592 1158
4593 1608
4594 606
4595 -481
4596 39
4597 570
4598 1
4599 -1031
4600 -1268
4601 -822
4602 -977
4603 -1557
4604 -1779
4605 -1483
4606 -1377
4607 -1836
4608 -2177
4609 -1985
4610 -1365
4611 -1391
4612 -1654
4613 -1480
4614 -1018
4615 -1043
4616 -1150
4617 -707
4618 -259
4619 -262
4620 -482
4621 -138
4622 274
4623 469
4624 422
4625 913
4626 782
4627 742
4628 616
4629 1349
4630 173
4631 -776
4632 591
4633 928
4634 574
4635 -1046
4636 -364
4637 -460
4638 -748
4639 -2436
4640 -1479
4641 -273
4642 -1490
4643 -2122
4644 -3070
4645 -1708
4646 -1006
4647 -1250
4648 -2192
4649 -1418
4650 -241
4651 -260
4652 -734
4653 -563
4654 1575
4655 1719
4656 674
4657 677
4658 2327
4659 3593
4660 2574
4661 1945
4662 2921
4663 4127
4664 3480
4665 2603
4666 2836
4667 3926
4668 3746
4669 2204
4670 2330
4671 3161
4672 2729
4673 892
4674 441
4675 1602
4676 1586
4677 -408
4678 -1540
4679 -765
4680 -411
4681 -1277
4682 -2347
4683 -2207
4684 -2073
4685 -2810
4686 -3403
4687 -2877
4688 -2116
4689 -2423
4690 -3403
4691 -3519
4692 -2611
4693 -2099
4694 -2186
4695 -2115
4696 -1538
4697 -1221
4698 -1480
4699 -1196
4700 -123
4701 399
4702 210
4703 247
4704 695
4705 851
4706 1059
4707 1334
4708 1986
4709 1785
4710 1665
4711 1556
4712 1601
4713 -87
4714 343
4715 1887
4716 1649
4717 242
4718 -887
4719 -76
4720 -349
4721 -1046
4722 -2522
4723 -1011
4724 -1153
4725 -2501
4726 -3139
4727 -3150
4728 -1880
4729 -1732
4730 -2518
4731 -3368
4732 -1873
4733 -863
4734 -970
4735 -1719
4736 -995
4737 891
4738 651
4739 13
4740 703
4741 2298
4742 3016
4743 2098
4744 1973
4745 3275
4746 4268
4747 3658
4748 3142
4749 3647
4750 4666
4751 4187
4752 2948
4753 3421
4754 4205
4755 3564
4756 1952
4757 1749
4758 2510
4759 2080
4760 412
4761 -229
4762 262
4763 90
4764 -1065
4765 -2098
4766 -1982
4767 -2020
4768 -2721
4769 -3397
4770 -3358
4771 -2886
4772 -3177
4773 -3975
4774 -4161
4775 -3399
4776 -2887
4777 -3027
4778 -3085
4779 -2507
4780 -2094
4781 -2077
4782 -1720
4783 -954
4784 -302
4785 -185
4786 -12
4787 426
4788 911
4789 1154
4790 1667
4791 1970
4792 2044
4793 2196
4794 2404
4795 2142
4796 447
4797 1604
4798 2764
4799 2399
4800 591
4801 321
4802 822
4803 489
4804 -740
4805 -1808
4806 66
4807 -776
4808 -2196
4809 -3077
4810 -2531
4811 -1516
4812 -1927
4813 -3202
4814 -3419
4815 -1638
4816 -1394
4817 -1875
4818 -2527
4819 -1337
4820 193
4821 -541
4822 -844
4823 183
4824 1827
4825 1799
4826 844
4827 1285
4828 3000
4829 3662
4830 2577
4831 2525
4832 3493
4833 4634
4834 3641
4835 2755
4836 3681
4837 4308
4838 3341
4839 2070
4840 2596
4841 3407
4842 2359
4843 465
4844 520
4845 1341
4846 861
4847 -593
4848 -1415
4849 -1084
4850 -1395
4851 -2396
4852 -2758
4853 -2501
4854 -2533
4855 -3468
4856 -4184
4857 -3821
4858 -3042
4859 -3252
4860 -3747
4861 -3635
4862 -2942
4863 -2708
4864 -2904
4865 -2364
4866 -1534
4867 -1397
4868 -1407
4869 -735
4870 128
4871 362
4872 224
4873 884
4874 1687
4875 1878
4876 1822
4877 2219
4878 1523
4879 679
4880 2297
4881 3165
4882 2709
4883 1077
4884 1236
4885 1448
4886 1313
4887 -42
4888 -104
4889 1167
4890 -181
4891 -1360
4892 -2186
4893 -1053
4894 -416
4895 -1240
4896 -2791
4897 -2636
4898 -942
4899 -921
4900 -1518
4901 -2174
4902 -701
4903 55
4904 -824
4905 -1080
4906 339
4907 1694
4908 1031
4909 254
4910 971
4911 2833
4912 2832
4913 1816
4914 1862
4915 3166
4916 3910
4917 2771
4918 2355
4919 3345
4920 3884
4921 2646
4922 1811
4923 2560
4924 3245
4925 1919
4926 362
4927 776
4928 1698
4929 1041
4930 -547
4931 -1014
4932 -755
4933 -1188
4934 -2150
4935 -2347
4936 -1938
4937 -2142
4938 -3222
4939 -3975
4940 -3569
4941 -2772
4942 -2983
4943 -3619
4944 -3511
4945 -3009
4946 -2963
4947 -3039
4948 -2460
4949 -1760
4950 -1824
4951 -2020
4952 -1396
4953 -566
4954 -198
4955 -456
4956 121
4957 722
4958 1247
4959 1203
4960 1436
4961 1040
4962 214
4963 1625
4964 2288
4965 2430
4966 1182
4967 1368
4968 1175
4969 1176
4970 229
4971 229
4972 1605
4973 315
4974 -689
4975 -1550
4976 -583
4977 157
4978 -159
4979 -1668
4980 -1846
4981 -273
4982 -204
4983 -526
4984 -1316
4985 -74
4986 647
4987 -277
4988 -490
4989 799
4990 2013
4991 1344
4992 447
4993 942
4994 2634
4995 2868
4996 1941
4997 1681
4998 2617
4999 3634
5000 2789
5001 2011
5002 2618
5003 3309
5004 2383
5005 1404
5006 1906
5007 2847
5008 1794
5009 11
5010 338
5011 1521
5012 973
5013 -747
5014 -1230
5015 -752
5016 -1071
5017 -2017
5018 -2175
5019 -1697
5020 -1997
5021 -3091
5022 -3754
5023 -3222
5024 -2508
5025 -2684
5026 -3205
5027 -3205
5028 -2880
5029 -2713
5030 -2735
5031 -2268
5032 -1704
5033 -1805
5034 -2087
5035 -1497
5036 -658
5037 -385
5038 -602
5039 -217
5040 419
5041 661
5042 694
5043 1149
5044 1287
5045 -481
5046 445
5047 1943
5048 2249
5049 950
5050 515
5051 730
5052 895
5053 346
5054 -596
5055 1022
5056 660
5057 -394
5058 -1404
5059 -1141
5060 21
5061 201
5062 -975
5063 -1978
5064 -473
5065 191
5066 99
5067 -853
5068 -134
5069 1308
5070 563
5071 -273
5072 489
5073 2420
5074 2684
5075 1266
5076 705
5077 2325
5078 3419
5079 2714
5080 1851
5081 2356
5082 3556
5083 2880
5084 1771
5085 2132
5086 3328
5087 2681
5088 958
5089 802
5090 2137
5091 1967
5092 -34
5093 -379
5094 814
5095 833
5096 -861
5097 -1714
5098 -981
5099 -808
5100 -1858
5101 -2556
5102 -1977
5103 -1822
5104 -2621
5105 -3360
5106 -2973
5107 -2366
5108 -2529
5109 -2984
5110 -2854
5111 -2336
5112 -2301
5113 -2474
5114 -2056
5115 -1331
5116 -1366
5117 -1640
5118 -1238
5119 -393
5120 -165
5121 -572
5122 -23
5123 569
5124 692
5125 773
5126 1167
5127 1041
5128 -734
5129 74
5130 1623
5131 2033
5132 575
5133 52
5134 365
5135 435
5136 -61
5137 -942
5138 659
5139 396
5140 -819
5141 -1873
5142 -1408
5143 -33
5144 136
5145 -945
5146 -2101
5147 -661
5148 128
5149 242
5150 -462
5151 68
5152 1453
5153 801
5154 47
5155 772
5156 2626
5157 3007
5158 1795
5159 1215
5160 2446
5161 3662
5162 3172
5163 2520
5164 2859
5165 3740
5166 3417
5167 2331
5168 2444
5169 3395
5170 2835
5171 1201
5172 876
5173 1792
5174 1597
5175 -26
5176 -655
5177 180
5178 108
5179 -1331
5180 -2345
5181 -1899
5182 -1705
5183 -2413
5184 -3168
5185 -2973
5186 -2793
5187 -3293
5188 -3727
5189 -3546
5190 -3011
5191 -3034
5192 -3260
5193 -3160
5194 -2585
5195 -2327
5196 -2418
5197 -2213
5198 -1440
5199 -1106
5200 -1109
5201 -980
5202 -216
5203 292
5204 128
5205 362
5206 960
5207 1378
5208 1324
5209 1675
5210 2014
5211 1306
5212 -362
5213 1033
5214 2521
5215 2182
5216 455
5217 52
5218 544
5219 715
5220 -234
5221 -1220
5222 516
5223 126
5224 -1262
5225 -2153
5226 -1518
5227 -319
5228 -442
5229 -1499
5230 -2180
5231 -619
5232 50
5233 7
5234 -725
5235 117
5236 1407
5237 778
5238 233
5239 1244
5240 3035
5241 2949
5242 1769
5243 1586
5244 3155
5245 4134
5246 3472
5247 2694
5248 3054
5249 4163
5250 3714
5251 2617
5252 2898
5253 3638
5254 2877
5255 1381
5256 1211
5257 2174
5258 1642
5259 -142
5260 -472
5261 216
5262 -199
5263 -1633
5264 -2402
5265 -1966
5266 -1845
5267 -2949
5268 -3548
5269 -3330
5270 -3296
5271 -3726
5272 -4090
5273 -3936
5274 -3624
5275 -3620
5276 -3715
5277 -3396
5278 -3087
5279 -2921
5280 -2915
5281 -2476
5282 -1646
5283 -1318
5284 -1401
5285 -971
5286 -286
5287 82
5288 363
5289 684
5290 1194
5291 1187
5292 1646
5293 1888
5294 2153
5295 639
5296 479
5297 2106
5298 2432
5299 1529
5300 273
5301 723
5302 726
5303 695
5304 -978
5305 -456
5306 407
5307 -680
5308 -1543
5309 -2076
5310 -1038
5311 -698
5312 -1131
5313 -2506
5314 -1804
5315 -225
5316 -202
5317 -732
5318 -1253
5319 269
5320 871
5321 313
5322 560
5323 1792
5324 2769
5325 2132
5326 1585
5327 2221
5328 3841
5329 4187
5330 3228
5331 2818
5332 3717
5333 4617
5334 3806
5335 3164
5336 3598
5337 3843
5338 2857
5339 1773
5340 2207
5341 2801
5342 1769
5343 245
5344 333
5345 765
5346 -102
5347 -1464
5348 -1687
5349 -1384
5350 -2005
5351 -2956
5352 -3289
5353 -3147
5354 -3426
5355 -3849
5356 -4108
5357 -3881
5358 -3884
5359 -3970
5360 -3748
5361 -3501
5362 -3393
5363 -3399
5364 -3216
5365 -2483
5366 -1903
5367 -1931
5368 -1765
5369 -1177
5370 -635
5371 -255
5372 112
5373 464
5374 994
5375 1165
5376 1428
5377 1850
5378 2298
5379 1750
5380 19
5381 1053
5382 2376
5383 2394
5384 974
5385 474
5386 721
5387 715
5388 82
5389 -1071
5390 249
5391 157
5392 -1067
5393 -2172
5394 -1839
5395 -881
5396 -1094
5397 -1906
5398 -2567
5399 -1123
5400 -477
5401 -631
5402 -1547
5403 -1009
5404 629
5405 594
5406 -17
5407 247
5408 2075
5409 2571
5410 1386
5411 1224
5412 2904
5413 4102
5414 2975
5415 2274
5416 3077
5417 4548
5418 4079
5419 2727
5420 2938
5421 3812
5422 3501
5423 2026
5424 1898
5425 2798
5426 2641
5427 907
5428 139
5429 865
5430 815
5431 -372
5432 -1438
5433 -1217
5434 -1237
5435 -2093
5436 -2847
5437 -2838
5438 -2621
5439 -3057
5440 -3585
5441 -3782
5442 -3390
5443 -3288
5444 -3284
5445 -3389
5446 -3244
5447 -3047
5448 -2881
5449 -2318
5450 -1945
5451 -1750
5452 -1719
5453 -1251
5454 -615
5455 -76
5456 271
5457 444
5458 736
5459 964
5460 1392
5461 1979
5462 2280
5463 1758
5464 55
5465 466
5466 2187
5467 2417
5468 1261
5469 474
5470 463
5471 415
5472 190
5473 -732
5474 -276
5475 92
5476 -959
5477 -1926
5478 -2129
5479 -1305
5480 -1017
5481 -1597
5482 -2492
5483 -1919
5484 -644
5485 -619
5486 -1289
5487 -1441
5488 117
5489 629
5490 -64
5491 -14
5492 1367
5493 2356
5494 1545
5495 1135
5496 2157
5497 3349
5498 3124
5499 2342
5500 2636
5501 3696
5502 3940
5503 2782
5504 2521
5505 3344
5506 3377
5507 2158
5508 1419
5509 2142
5510 2386
5511 1121
5512 -47
5513 452
5514 766
5515 -298
5516 -1432
5517 -1451
5518 -1129
5519 -1823
5520 -2707
5521 -2838
5522 -2527
5523 -2729
5524 -3255
5525 -3305
5526 -3155
5527 -3132
5528 -3163
5529 -3005
5530 -2902
5531 -2628
5532 -2355
5533 -2226
5534 -1875
5535 -1576
5536 -1176
5537 -793
5538 -362
5539 -79
5540 334
5541 636
5542 943
5543 1341
5544 1695
5545 1985
5546 2054
5547 2105
5548 2206
5549 1250
5550 209
5551 1481
5552 2412
5553 1866
5554 310
5555 -9
5556 542
5557 588
5558 -703
5559 -1394
5560 -29
5561 -240
5562 -1632
5563 -2529
5564 -1907
5565 -1188
5566 -1537
5567 -2135
5568 -2049
5569 -937
5570 -837
5571 -1105
5572 -1209
5573 -121
5574 963
5575 451
5576 79
5577 882
5578 2342
5579 2382
5580 1638
5581 1961
5582 3005
5583 3484
5584 2869
5585 2625
5586 3224
5587 3829
5588 3237
5589 2380
5590 2654
5591 3070
5592 2596
5593 1416
5594 1254
5595 1599
5596 1081
5597 -9
5598 -282
5599 26
5600 -321
5601 -1488
5602 -2212
5603 -1965
5604 -2012
5605 -2612
5606 -3067
5607 -3064
5608 -3059
5609 -3302
5610 -3553
5611 -3433
5612 -3152
5613 -3106
5614 -3002
5615 -2779
5616 -2457
5617 -2216
5618 -2098
5619 -1660
5620 -968
5621 -560
5622 -458
5623 -310
5624 341
5625 1112
5626 1294
5627 1297
5628 1710
5629 2022
5630 2079
5631 1957
5632 2365
5633 2922
5634 2643
5635 1191
5636 -274
5637 1232
5638 2415
5639 1599
5640 266
5641 -44
5642 107
5643 -422
5644 -1185
5645 -1654
5646 -572
5647 -759
5648 -2321
5649 -3132
5650 -2876
5651 -1811
5652 -1748
5653 -2191
5654 -2634
5655 -1854
5656 -1126
5657 -934
5658 -887
5659 -525
5660 621
5661 683
5662 464
5663 958
5664 2349
5665 2898
5666 1961
5667 1941
5668 3151
5669 4218
5670 3394
5671 2634
5672 3341
5673 4196
5674 3737
5675 2532
5676 2763
5677 3331
5678 2659
5679 1115
5680 1182
5681 1978
5682 1326
5683 -308
5684 -841
5685 -11
5686 -448
5687 -1879
5688 -2509
5689 -2183
5690 -2269
5691 -2916
5692 -3405
5693 -3388
5694 -3182
5695 -3496
5696 -3784
5697 -3593
5698 -3197
5699 -3041
5700 -3050
5701 -2837
5702 -2264
5703 -1875
5704 -1699
5705 -1228
5706 -533
5707 -122
5708 52
5709 448
5710 1110
5711 1751
5712 1890
5713 1893
5714 2222
5715 2603
5716 2676
5717 2648
5718 2721
5719 2910
5720 2934
5721 2321
5722 868
5723 215
5724 1513
5725 2018
5726 809
5727 -406
5728 -611
5729 -620
5730 -1152
5731 -2126
5732 -2213
5733 -1547
5734 -2155
5735 -3463
5736 -3798
5737 -3076
5738 -2521
5739 -2735
5740 -3171
5741 -2819
5742 -2003
5743 -1488
5744 -1292
5745 -1184
5746 -534
5747 390
5748 546
5749 628
5750 1399
5751 2350
5752 2607
5753 2220
5754 2613
5755 3718
5756 4115
5757 3545
5758 3205
5759 3901
5760 4461
5761 3813
5762 2760
5763 2979
5764 3617
5765 3013
5766 1555
5767 1106
5768 1736
5769 1210
5770 -272
5771 -701
5772 -216
5773 -648
5774 -2134
5775 -2929
5776 -2495
5777 -2216
5778 -3025
5779 -3849
5780 -3831
5781 -3556
5782 -3615
5783 -3917
5784 -3813
5785 -3279
5786 -2989
5787 -2938
5788 -2748
5789 -2122
5790 -1346
5791 -953
5792 -806
5793 -300
5794 421
5795 940
5796 1169
5797 1551
5798 2113
5799 2512
5800 2555
5801 2663
5802 3148
5803 3448
5804 3246
5805 2859
5806 3112
5807 3374
5808 3190
5809 2299
5810 1586
5811 444
5812 255
5813 1077
5814 836
5815 -116
5816 -1199
5817 -1737
5818 -1947
5819 -2079
5820 -2804
5821 -3016
5822 -2475
5823 -3132
5824 -4060
5825 -4291
5826 -3636
5827 -2900
5828 -3119
5829 -3418
5830 -2722
5831 -1738
5832 -1618
5833 -1716
5834 -1193
5835 173
5836 823
5837 490
5838 678
5839 1747
5840 2664
5841 2874
5842 2773
5843 3186
5844 3827
5845 3870
5846 3468
5847 3514
5848 4256
5849 4513
5850 3550
5851 2780
5852 3140
5853 3206
5854 2207
5855 1245
5856 1398
5857 1427
5858 168
5859 -931
5860 -659
5861 -573
5862 -1742
5863 -2810
5864 -2826
5865 -2451
5866 -2906
5867 -3766
5868 -3845
5869 -3509
5870 -3579
5871 -3836
5872 -3674
5873 -3128
5874 -2802
5875 -2717
5876 -2348
5877 -1694
5878 -1124
5879 -692
5880 -260
5881 233
5882 659
5883 1175
5884 1825
5885 2230
5886 2326
5887 2434
5888 2857
5889 3197
5890 3298
5891 3397
5892 3400
5893 3059
5894 2764
5895 2886
5896 3025
5897 2758
5898 2119
5899 1712
5900 946
5901 -371
5902 -1313
5903 -325
5904 338
5905 -846
5906 -2418
5907 -3041
5908 -2602
5909 -2620
5910 -3065
5911 -3647
5912 -3433
5913 -3213
5914 -3978
5915 -4492
5916 -3925
5917 -2851
5918 -2755
5919 -3251
5920 -3059
5921 -1788
5922 -937
5923 -1070
5924 -991
5925 -46
5926 1092
5927 1298
5928 1201
5929 1856
5930 2940
5931 3184
5932 2828
5933 3144
5934 4232
5935 4584
5936 3591
5937 3309
5938 4248
5939 4723
5940 3606
5941 2735
5942 3077
5943 3210
5944 2130
5945 1103
5946 1362
5947 1376
5948 365
5949 -1049
5950 -1310
5951 -841
5952 -1368
5953 -2494
5954 -2974
5955 -2620
5956 -2766
5957 -3321
5958 -3669
5959 -3343
5960 -2926
5961 -3092
5962 -3272
5963 -2884
5964 -2306
5965 -2200
5966 -2017
5967 -1410
5968 -685
5969 -468
5970 -365
5971 149
5972 916
5973 1355
5974 1648
5975 2041
5976 2167
5977 2165
5978 2322
5979 2709
5980 3057
5981 3033
5982 2644
5983 2256
5984 2230
5985 2298
5986 2179
5987 1767
5988 1246
5989 1022
5990 588
5991 344
5992 158
5993 -526
5994 -1822
5995 -2810
5996 -1853
5997 -1171
5998 -1791
5999 -2801
6000 -3190
6001 -3302
6002 -3795
6003 -3971
6004 -3351
6005 -2350
6006 -2728
6007 -4138
6008 -4388
6009 -3196
6010 -1979
6011 -1973
6012 -2063
6013 -1596
6014 -849
6015 -657
6016 -321
6017 616
6018 1568
6019 1794
6020 1655
6021 2178
6022 3193
6023 3592
6024 3333
6025 3440
6026 4135
6027 4560
6028 4089
6029 3649
6030 3886
6031 4054
6032 3722
6033 3288
6034 3205
6035 2938
6036 2035
6037 1110
6038 935
6039 1245
6040 937
6041 -339
6042 -1227
6043 -1035
6044 -885
6045 -1630
6046 -2259
6047 -2144
6048 -2056
6049 -2555
6050 -3059
6051 -2733
6052 -2191
6053 -2276
6054 -2834
6055 -2839
6056 -1988
6057 -1458
6058 -1594
6059 -1608
6060 -1032
6061 -596
6062 -550
6063 -299
6064 514
6065 1033
6066 755
6067 622
6068 1210
6069 1979
6070 1948
6071 1579
6072 1733
6073 2100
6074 1953
6075 1557
6076 1631
6077 1780
6078 1424
6079 690
6080 515
6081 658
6082 337
6083 -178
6084 -325
6085 -472
6086 -560
6087 -1106
6088 -1849
6089 -2491
6090 -3155
6091 -2581
6092 -1835
6093 -1952
6094 -2766
6095 -3285
6096 -3431
6097 -3509
6098 -3333
6099 -2937
6100 -2274
6101 -2139
6102 -2923
6103 -3467
6104 -3012
6105 -1716
6106 -925
6107 -682
6108 -757
6109 -367
6110 -39
6111 491
6112 1105
6113 1907
6114 2501
6115 2641
6116 2641
6117 2955
6118 3539
6119 3826
6120 3943
6121 4103
6122 4312
6123 4236
6124 3839
6125 3639
6126 3749
6127 3927
6128 3701
6129 3319
6130 2819
6131 2283
6132 1562
6133 1188
6134 1249
6135 1206
6136 616
6137 -354
6138 -980
6139 -1186
6140 -1351
6141 -1700
6142 -1919
6143 -2090
6144 -2428
6145 -2898
6146 -3190
6147 -2888
6148 -2293
6149 -2397
6150 -2943
6151 -2973
6152 -2319
6153 -1852
6154 -1801
6155 -1547
6156 -1173
6157 -911
6158 -723
6159 -295
6160 149
6161 542
6162 744
6163 911
6164 1209
6165 1494
6166 1677
6167 1664
6168 1652
6169 1584
6170 1448
6171 1312
6172 1245
6173 1126
6174 838
6175 528
6176 172
6177 -143
6178 -279
6179 -367
6180 -591
6181 -983
6182 -1173
6183 -1254
6184 -1285
6185 -1674
6186 -2216
6187 -2873
6188 -3260
6189 -2793
6190 -2267
6191 -2091
6192 -2117
6193 -2316
6194 -2831
6195 -3172
6196 -2931
6197 -2399
6198 -1752
6199 -1275
6200 -1342
6201 -1645
6202 -1696
6203 -1350
6204 -772
6205 -17
6206 704
6207 1303
6208 1520
6209 1514
6210 1646
6211 2114
6212 2831
6213 3485
6214 3787
6215 4118
6216 4273
6217 4216
6218 4044
6219 4065
6220 4330
6221 4460
6222 4309
6223 4034
6224 3759
6225 3362
6226 2789
6227 2086
6228 1771
6229 1639
6230 1199
6231 584
6232 3
6233 -453
6234 -961
6235 -1422
6236 -1723
6237 -1950
6238 -2317
6239 -2704
6240 -3015
6241 -3225
6242 -3268
6243 -3202
6244 -3120
6245 -3191
6246 -3215
6247 -2900
6248 -2530
6249 -2330
6250 -2026
6251 -1566
6252 -1310
6253 -1358
6254 -1286
6255 -503
6256 367
6257 592
6258 292
6259 375
6260 901
6261 1289
6262 1370
6263 1536
6264 1895
6265 1831
6266 1435
6267 1349
6268 1706
6269 1649
6270 1043
6271 448
6272 332
6273 367
6274 110
6275 -324
6276 -612
6277 -978
6278 -1290
6279 -1354
6280 -1301
6281 -1396
6282 -1674
6283 -1807
6284 -1742
6285 -1675
6286 -1441
6287 -1324
6288 -1510
6289 -1932
6290 -2158
6291 -1796
6292 -1334
6293 -952
6294 -612
6295 -273
6296 -127
6297 -178
6298 -95
6299 68
6300 201
6301 300
6302 150
6303 258
6304 589
6305 934
6306 1195
6307 1381
6308 1437
6309 1423
6310 1415
6311 1669
6312 2008
6313 2125
6314 2045
6315 2062
6316 2069
6317 2147
6318 2157
6319 2040
6320 1940
6321 1793
6322 1610
6323 1360
6324 1157
6325 940
6326 730
6327 492
6328 86
6329 -456
6330 -932
6331 -1147
6332 -1064
6333 -1045
6334 -1202
6335 -1240
6336 -1207
6337 -1285
6338 -1307
6339 -1119
6340 -850
6341 -768
6342 -812
6343 -794
6344 -699
6345 -359
6346 185
6347 422
6348 458
6349 464
6350 689
6351 1002
6352 1145
6353 920
6354 702
6355 577
6356 325
6357 128
6358 161
6359 302
6360 -107
6361 -800
6362 -1004
6363 -702
6364 -684
6365 -1067
6366 -1402
6367 -1343
6368 -1175
6369 -1289
6370 -1353
6371 -1134
6372 -1069
6373 -1400
6374 -1661
6375 -1274
6376 -674
6377 -552
6378 -824
6379 -677
6380 -252
6381 -3
6382 112
6383 310
6384 495
6385 505
6386 576
6387 842
6388 1135
6389 1245
6390 1258
6391 1170
6392 1164
6393 1304
6394 1601
6395 1651
6396 1370
6397 1118
6398 1187
6399 1290
6400 1202
6401 1009
6402 820
6403 549
6404 237
6405 52
6406 77
6407 35
6408 -225
6409 -598
6410 -830
6411 -992
6412 -1160
6413 -1279
6414 -1413
6415 -1537
6416 -1719
6417 -1917
6418 -1888
6419 -1735
6420 -1634
6421 -1654
6422 -1675
6423 -1576
6424 -1407
6425 -1251
6426 -996
6427 -706
6428 -589
6429 -619
6430 -606
6431 -355
6432 71
6433 389
6434 499
6435 619
6436 765
6437 891
6438 962
6439 1121
6440 1473
6441 1650
6442 1454
6443 1313
6444 1401
6445 1605
6446 1691
6447 1607
6448 1544
6449 1371
6450 1129
6451 1127
6452 1269
6453 1248
6454 1045
6455 648
6456 364
6457 433
6458 551
6459 578
6460 343
6461 53
6462 -190
6463 -307
6464 -202
6465 5
6466 -35
6467 -276
6468 -529
6469 -640
6470 -404
6471 -121
6472 -61
6473 -137
6474 -134
6475 -102
6476 -89
6477 -98
6478 70
6479 213
6480 56
6481 -223
6482 -304
6483 -100
6484 37
6485 -71
6486 -130
6487 -84
6488 -259
6489 -474
6490 -477
6491 -370
6492 -433
6493 -597
6494 -698
6495 -692
6496 -678
6497 -671
6498 -786
6499 -949
6500 -969
6501 -820
6502 -726
6503 -700
6504 -753
6505 -836
6506 -794
6507 -630
6508 -436
6509 -319
6510 -380
6511 -525
6512 -538
6513 -400
6514 -87
6515 31
6516 -33
6517 -152
6518 -149
6519 -141
6520 6
6521 199
6522 291
6523 144
6524 -47
6525 -21
6526 110
6527 108
6528 89
6529 171
6530 144
6531 32
6532 -71
6533 0
6534 131
6535 165
6536 65
6537 65
6538 55
6539 -84
6540 -158
6541 19
6542 256
6543 281
6544 138
6545 16
6546 29
6547 121
6548 321
6549 478
6550 477
6551 436
6552 402
6553 416
6554 482
6555 715
6556 918
6557 863
6558 625
6559 652
6560 905
6561 1015
6562 933
6563 939
6564 1095
6565 1111
6566 949
6567 905
6568 1047
6569 1149
6570 998
6571 755
6572 776
6573 947
6574 896
6575 639
6576 494
6577 522
6578 370
6579 13
6580 -94
6581 51
6582 -16
6583 -427
6584 -716
6585 -704
6586 -649
6587 -775
6588 -1001
6589 -1133
6590 -1229
6591 -1300
6592 -1315
6593 -1269
6594 -1168
6595 -1241
6596 -1456
6597 -1543
6598 -1326
6599 -1033
6600 -1001
6601 -1200
6602 -1173
6603 -894
6604 -718
6605 -734
6606 -710
6607 -533
6608 -372
6609 -455
6610 -487
6611 -191
6612 -3
6613 -107
6614 -282
6615 -78
6616 261
6617 346
6618 199
6619 221
6620 455
6621 543
6622 398
6623 337
6624 634
6625 711
6626 461
6627 364
6628 490
6629 617
6630 475
6631 406
6632 426
6633 411
6634 240
6635 74
6636 28
6637 48
6638 89
6639 -35
6640 -97
6641 -101
6642 -102
6643 -96
6644 -125
6645 -145
6646 -138
6647 -75
6648 -13
6649 43
6650 60
6651 144
6652 214
6653 194
6654 235
6655 341
6656 489
6657 564
6658 512
6659 525
6660 679
6661 766
6662 726
6663 692
6664 715
6665 775
6666 758
6667 708
6668 755
6669 742
6670 599
6671 411
6672 372
6673 437
6674 440
6675 296
6676 61
6677 -128
6678 -212
6679 -245
6680 -336
6681 -456
6682 -650
6683 -870
6684 -1000
6685 -1025
6686 -963
6687 -955
6688 -1124
6689 -1329
6690 -1337
6691 -1236
6692 -1140
6693 -1153
6694 -1166
6695 -1124
6696 -1131
6697 -1085
6698 -859
6699 -577
6700 -455
6701 -464
6702 -353
6703 -107
6704 62
6705 241
6706 562
6707 844
6708 875
6709 873
6710 1090
6711 1402
6712 1505
6713 1514
6714 1627
6715 1683
6716 1621
6717 1542
6718 1630
6719 1733
6720 1584
6721 1304
6722 1142
6723 1058
6724 928
6725 737
6726 577
6727 376
6728 74
6729 -261
6730 -429
6731 -512
6732 -636
6733 -952
6734 -1325
6735 -1478
6736 -1489
6737 -1507
6738 -1581
6739 -1666
6740 -1775
6741 -1770
6742 -1742
6743 -1664
6744 -1527
6745 -1460
6746 -1370
6747 -1301
6748 -1106
6749 -793
6750 -645
6751 -574
6752 -344
6753 -44
6754 188
6755 303
6756 498
6757 814
6758 980
6759 1038
6760 1167
6761 1375
6762 1551
6763 1571
6764 1551
6765 1591
6766 1632
6767 1486
6768 1362
6769 1293
6770 1286
6771 1110
6772 767
6773 527
6774 398
6775 253
6776 -53
6777 -426
6778 -640
6779 -754
6780 -1004
6781 -1263
6782 -1371
6783 -1460
6784 -1674
6785 -1890
6786 -1924
6787 -1786
6788 -1736
6789 -1755
6790 -1723
6791 -1613
6792 -1456
6793 -1347
6794 -1152
6795 -823
6796 -539
6797 -404
6798 -232
6799 63
6800 463
6801 754
6802 892
6803 1084
6804 1347
6805 1539
6806 1602
6807 1762
6808 2022
6809 2139
6810 2077
6811 2046
6812 2050
6813 1990
6814 1882
6815 1793
6816 1729
6817 1560
6818 1352
6819 1192
6820 1024
6821 803
6822 583
6823 381
6824 195
6825 -59
6826 -287
6827 -424
6828 -625
6829 -908
6830 -1171
6831 -1237
6832 -1259
6833 -1345
6834 -1482
6835 -1513
6836 -1472
6837 -1432
6838 -1384
6839 -1272
6840 -1087
6841 -1027
6842 -988
6843 -783
6844 -488
6845 -351
6846 -338
6847 -212
6848 61
6849 277
6850 418
6851 587
6852 751
6853 816
6854 847
6855 876
6856 948
6857 1022
6858 1002
6859 862
6860 702
6861 620
6862 515
6863 317
6864 137
6865 21
6866 -153
6867 -412
6868 -633
6869 -780
6870 -919
6871 -1089
6872 -1251
6873 -1416
6874 -1586
6875 -1624
6876 -1675
6877 -1776
6878 -1783
6879 -1703
6880 -1685
6881 -1690
6882 -1557
6883 -1314
6884 -1142
6885 -1132
6886 -948
6887 -643
6888 -360
6889 -156
6890 32
6891 268
6892 493
6893 703
6894 936
6895 1256
6896 1451
6897 1537
6898 1602
6899 1718
6900 1847
6901 1946
6902 2025
6903 2002
6904 1954
6905 1880
6906 1809
6907 1727
6908 1724
6909 1617
6910 1399
6911 1191
6912 1071
6913 909
6914 693
6915 501
6916 318
6917 52
6918 -137
6919 -225
6920 -353
6921 -564
6922 -717
6923 -742
6924 -798
6925 -898
6926 -911
6927 -892
6928 -879
6929 -887
6930 -889
6931 -781
6932 -651
6933 -564
6934 -493
6935 -364
6936 -203
6937 -67
6938 51
6939 210
6940 357
6941 471
6942 560
6943 643
6944 718
6945 768
6946 832
6947 806
6948 736
6949 665
6950 573
6951 499
6952 428
6953 314
6954 146
6955 0
6956 -158
6957 -303
6958 -357
6959 -494
6960 -683
6961 -896
6962 -1010
6963 -1158
6964 -1371
6965 -1456
6966 -1439
6967 -1511
6968 -1711
6969 -1807
6970 -1789
6971 -1721
6972 -1718
6973 -1682
6974 -1641
6975 -1599
6976 -1447
6977 -1263
6978 -1113
6979 -990
6980 -832
6981 -705
6982 -581
6983 -394
6984 -102
6985 110
6986 175
6987 308
6988 529
6989 720
6990 825
6991 985
6992 1159
6993 1222
6994 1214
6995 1375
6996 1591
6997 1643
6998 1604
6999 1562
7000 1552
7001 1506
7002 1465
7003 1456
7004 1399
7005 1198
7006 983
7007 921
7008 921
7009 838
7010 630
7011 458
7012 354
7013 210
7014 130
7015 185
7016 172
7017 -29
7018 -189
7019 -133
7020 -58
7021 -102
7022 -104
7023 -31
7024 -35
7025 -48
7026 40
7027 232
7028 263
7029 181
7030 192
7031 274
7032 345
7033 344
7034 362
7035 370
7036 381
7037 331
7038 346
7039 382
7040 350
7041 242
7042 124
7043 101
7044 46
7045 -122
7046 -257
7047 -221
7048 -288
7049 -479
7050 -705
7051 -799
7052 -871
7053 -946
7054 -930
7055 -944
7056 -1107
7057 -1277
7058 -1321
7059 -1243
7060 -1167
7061 -1176
7062 -1199
7063 -1260
7064 -1375
7065 -1316
7066 -1080
7067 -884
7068 -876
7069 -1008
7070 -997
7071 -823
7072 -626
7073 -468
7074 -261
7075 -128
7076 -249
7077 -372
7078 -146
7079 268
7080 387
7081 283
7082 246
7083 328
7084 386
7085 490
7086 716
7087 799
7088 583
7089 412
7090 472
7091 661
7092 759
7093 681
7094 570
7095 438
7096 404
7097 480
7098 632
7099 638
7100 495
7101 346
7102 281
7103 344
7104 445
7105 528
7106 466
7107 292
7108 186
7109 292
7110 446
7111 466
7112 376
7113 353
7114 417
7115 435
7116 481
7117 632
7118 689
7119 573
7120 487
7121 576
7122 767
7123 852
7124 814
7125 743
7126 671
7127 629
7128 591
7129 630
7130 668
7131 565
7132 386
7133 230
7134 157
7135 147
7136 137
7137 47
7138 -136
7139 -395
7140 -557
7141 -547
7142 -573
7143 -715
7144 -879
7145 -1013
7146 -1143
7147 -1281
7148 -1261
7149 -1123
7150 -1123
7151 -1321
7152 -1410
7153 -1320
7154 -1178
7155 -1105
7156 -1063
7157 -974
7158 -913
7159 -927
7160 -890
7161 -687
7162 -448
7163 -335
7164 -312
7165 -248
7166 -144
7167 -30
7168 122
7169 250
7170 338
7171 354
7172 370
7173 431
7174 484
7175 541
7176 573
7177 566
7178 495
7179 442
7180 486
7181 568
7182 522
7183 432
7184 422
7185 409
7186 330
7187 289
7188 250
7189 196
7190 148
7191 82
7192 80
7193 8
7194 -78
7195 -138
7196 -197
7197 -212
7198 -154
7199 -105
7200 -130
7201 -185
7202 -231
7203 -138
7204 -19
7205 12
7206 79
7207 121
7208 104
7209 115
7210 228
7211 413
7212 518
7213 554
7214 534
7215 594
7216 674
7217 739
7218 774
7219 841
7220 879
7221 747
7222 626
7223 630
7224 726
7225 687
7226 533
7227 359
7228 273
7229 207
7230 78
7231 -42
7232 -91
7233 -202
7234 -407
7235 -606
7236 -662
7237 -633
7238 -676
7239 -802
7240 -898
7241 -907
7242 -928
7243 -932
7244 -938
7245 -860
7246 -789
7247 -786
7248 -770
7249 -645
7250 -471
7251 -364
7252 -341
7253 -316
7254 -182
7255 -11
7256 58
7257 80
7258 158
7259 269
7260 284
7261 269
7262 331
7263 484
7264 549
7265 480
7266 411
7267 477
7268 536
7269 442
7270 349
7271 346
7272 374
7273 284
7274 100
7275 28
7276 61
7277 -8
7278 -171
7279 -280
7280 -274
7281 -303
7282 -416
7283 -538
7284 -552
7285 -521
7286 -552
7287 -603
7288 -604
7289 -499
7290 -443
7291 -471
7292 -428
7293 -299
7294 -225
7295 -212
7296 -119
7297 48
7298 211
7299 242
7300 295
7301 422
7302 554
7303 658
7304 708
7305 810
7306 926
7307 941
7308 884
7309 941
7310 1053
7311 1019
7312 864
7313 806
7314 785
7315 704
7316 535
7317 378
7318 272
7319 133
7320 -17
7321 -188
7322 -300
7323 -413
7324 -560
7325 -745
7326 -832
7327 -843
7328 -923
7329 -1070
7330 -1194
7331 -1166
7332 -1104
7333 -1106
7334 -1065
7335 -1008
7336 -937
7337 -870
7338 -771
7339 -630
7340 -436
7341 -354
7342 -331
7343 -217
7344 -9
7345 242
7346 370
7347 422
7348 523
7349 659
7350 780
7351 913
7352 1055
7353 1180
7354 1201
7355 1121
7356 1143
7357 1213
7358 1240
7359 1176
7360 1067
7361 954
7362 880
7363 737
7364 562
7365 465
7366 337
7367 172
7368 -59
7369 -284
7370 -376
7371 -426
7372 -593
7373 -805
7374 -905
7375 -975
7376 -1077
7377 -1210
7378 -1178
7379 -1087
7380 -1063
7381 -1121
7382 -1096
7383 -986
7384 -872
7385 -750
7386 -611
7387 -453
7388 -371
7389 -300
7390 -148
7391 50
7392 235
7393 399
7394 531
7395 635
7396 709
7397 778
7398 918
7399 1036
7400 1068
7401 1048
7402 1034
7403 1039
7404 998
7405 929
7406 889
7407 812
7408 585
7409 417
7410 336
7411 213
7412 29
7413 -138
7414 -281
7415 -470
7416 -636
7417 -744
7418 -832
7419 -914
7420 -1054
7421 -1164
7422 -1177
7423 -1188
7424 -1174
7425 -1153
7426 -1130
7427 -1070
7428 -983
7429 -932
7430 -880
7431 -746
7432 -552
7433 -362
7434 -217
7435 -102
7436 40
7437 215
7438 413
7439 568
7440 727
7441 877
7442 978
7443 1084
7444 1170
7445 1289
7446 1373
7447 1378
7448 1325
7449 1281
7450 1281
7451 1215
7452 1118
7453 998
7454 854
7455 666
7456 502
7457 401
7458 275
7459 96
7460 -112
7461 -290
7462 -440
7463 -583
7464 -716
7465 -829
7466 -960
7467 -1070
7468 -1165
7469 -1194
7470 -1181
7471 -1182
7472 -1163
7473 -1142
7474 -1101
7475 -1005
7476 -896
7477 -765
7478 -592
7479 -438
7480 -309
7481 -126
7482 82
7483 232
7484 331
7485 471
7486 635
7487 751
7488 850
7489 926
7490 998
7491 1051
7492 1092
7493 1126
7494 1127
7495 1072
7496 1007
7497 923
7498 832
7499 778
7500 714
7501 513
7502 278
7503 124
7504 25
7505 -136
7506 -306
7507 -442
7508 -578
7509 -772
7510 -920
7511 -954
7512 -966
7513 -1037
7514 -1189
7515 -1252
7516 -1190
7517 -1131
7518 -1115
7519 -1065
7520 -988
7521 -918
7522 -869
7523 -767
7524 -544
7525 -328
7526 -225
7527 -129
7528 15
7529 232
7530 398
7531 507
7532 621
7533 789
7534 895
7535 941
7536 993
7537 1066
7538 1120
7539 1106
7540 1080
7541 1102
7542 1108
7543 989
7544 868
7545 763
7546 684
7547 597
7548 478
7549 393
7550 233
7551 63
7552 -81
7553 -225
7554 -355
7555 -451
7556 -571
7557 -705
7558 -794
7559 -850
7560 -881
7561 -918
7562 -907
7563 -902
7564 -886
7565 -841
7566 -775
7567 -685
7568 -603
7569 -549
7570 -491
7571 -357
7572 -180
7573 -62
7574 2
7575 118
7576 265
7577 352
7578 411
7579 533
7580 637
7581 658
7582 691
7583 775
7584 850
7585 767
7586 674
7587 672
7588 691
7589 581
7590 487
7591 403
7592 313
7593 208
7594 104
7595 37
7596 -55
7597 -170
7598 -309
7599 -364
7600 -401
7601 -477
7602 -555
7603 -591
7604 -598
7605 -666
7606 -675
7607 -638
7608 -632
7609 -670
7610 -653
7611 -552
7612 -485
7613 -460
7614 -373
7615 -220
7616 -80
7617 -17
7618 11
7619 105
7620 229
7621 360
7622 465
7623 542
7624 562
7625 570
7626 621
7627 729
7628 820
7629 811
7630 726
7631 617
7632 607
7633 648
7634 639
7635 541
7636 390
7637 240
7638 157
7639 130
7640 81
7641 -17
7642 -186
7643 -346
7644 -447
7645 -514
7646 -542
7647 -576
7648 -644
7649 -739
7650 -787
7651 -787
7652 -768
7653 -787
7654 -768
7655 -694
7656 -659
7657 -630
7658 -573
7659 -475
7660 -380
7661 -324
7662 -237
7663 -139
7664 -54
7665 36
7666 152
7667 223
7668 253
7669 333
7670 401
7671 469
7672 528
7673 581
7674 621
7675 598
7676 575
7677 583
7678 611
7679 601
7680 539
7681 474
7682 453
7683 422
7684 347
7685 300
7686 254
7687 169
7688 27
7689 -53
7690 -39
7691 -66
7692 -190
7693 -299
7694 -311
7695 -310
7696 -362
7697 -407
7698 -370
7699 -364
7700 -399
7701 -391
7702 -342
7703 -288
7704 -280
7705 -247
7706 -173
7707 -112
7708 -26
7709 65
7710 113
7711 145
7712 237
7713 331
7714 371
7715 399
7716 441
7717 517
7718 551
7719 549
7720 554
7721 577
7722 557
7723 473
7724 406
7725 443
7726 456
7727 350
7728 238
7729 182
7730 121
7731 16
7732 -68
7733 -86
7734 -119
7735 -260
7736 -396
7737 -466
7738 -438
7739 -466
7740 -549
7741 -625
7742 -631
7743 -647
7744 -695
7745 -682
7746 -642
7747 -615
7748 -627
7749 -653
7750 -621
7751 -503
7752 -412
7753 -362
7754 -337
7755 -319
7756 -298
7757 -243
7758 -134
7759 -27
7760 22
7761 19
7762 1
7763 16
7764 66
7765 170
7766 214
7767 201
7768 178
7769 182
7770 222
7771 258
7772 292
7773 258
7774 202
7775 164
7776 189
7777 223
7778 216
7779 178
7780 116
7781 84
7782 76
7783 108
7784 115
7785 95
7786 50
7787 10
7788 -18
7789 39
7790 107
7791 89
7792 43
7793 23
7794 46
7795 70
7796 76
7797 81
7798 113
7799 176
7800 186
7801 193
7802 237
7803 302
7804 343
7805 345
7806 391
7807 447
7808 515
7809 502
7810 501
7811 529
7812 550
7813 514
7814 450
7815 479
7816 505
7817 449
7818 337
7819 267
7820 226
7821 162
7822 68
7823 13
7824 -13
7825 -56
7826 -162
7827 -265
7828 -322
7829 -321
7830 -378
7831 -483
7832 -516
7833 -526
7834 -557
7835 -616
7836 -640
7837 -607
7838 -590
7839 -622
7840 -638
7841 -613
7842 -583
7843 -554
7844 -508
7845 -429
7846 -380
7847 -360
7848 -355
7849 -320
7850 -229
7851 -135
7852 -91
7853 -107
7854 -115
7855 -47
7856 19
7857 29
7858 44
7859 98
7860 102
7861 78
7862 53
7863 87
7864 141
7865 134
7866 91
7867 65
7868 97
7869 109
7870 61
7871 8
7872 12
7873 66
7874 49
7875 4
7876 -7
7877 -16
7878 -37
7879 -91
7880 -78
7881 -4
7882 7
7883 -45
7884 -62
7885 -24
7886 61
7887 79
7888 76
7889 104
7890 124
7891 158
7892 240
7893 318
7894 385
7895 440
7896 473
7897 484
7898 500
7899 587
7900 675
7901 671
7902 620
7903 609
7904 642
7905 650
7906 610
7907 586
7908 564
7909 502
7910 414
7911 359
7912 323
7913 269
7914 164
7915 25
7916 -47
7917 -88
7918 -178
7919 -261
7920 -312
7921 -379
7922 -465
7923 -561
7924 -609
7925 -627
7926 -666
7927 -697
7928 -703
7929 -697
7930 -698
7931 -690
7932 -670
7933 -633
7934 -586
7935 -542
7936 -487
7937 -442
7938 -398
7939 -319
7940 -271
7941 -222
7942 -150
7943 -78
7944 -34
7945 -9
7946 37
7947 109
7948 159
7949 192
7950 215
7951 268
7952 289
7953 252
7954 221
7955 233
7956 234
7957 225
7958 199
7959 144
7960 140
7961 133
7962 105
7963 56
7964 2
7965 -55
7966 -123
7967 -176
7968 -185
7969 -195
7970 -224
7971 -284
7972 -334
7973 -320
7974 -299
7975 -279
7976 -260
7977 -232
7978 -194
7979 -146
7980 -84
7981 0
7982 76
7983 135
7984 149
7985 173
7986 272
7987 394
7988 464
7989 473
7990 486
7991 569
7992 646
7993 685
7994 705
7995 713
7996 690
7997 648
7998 629
7999 639
8000 633
8001 521
8002 393
8003 341
8004 346
8005 294
8006 197
8007 99
8008 13
8009 -114
8010 -235
8011 -292
8012 -342
8013 -399
8014 -505
8015 -578
8016 -611
8017 -620
8018 -629
8019 -638
8020 -664
8021 -674
8022 -651
8023 -599
8024 -541
8025 -494
8026 -447
8027 -377
8028 -299
8029 -263
8030 -191
8031 -86
8032 -13
8033 44
8034 123
8035 215
8036 268
8037 300
8038 364
8039 448
8040 457
8041 446
8042 443
8043 447
8044 452
8045 440
8046 407
8047 365
8048 319
8049 254
8050 198
8051 134
8052 104
8053 52
8054 -53
8055 -151
8056 -247
8057 -280
8058 -326
8059 -414
8060 -454
8061 -477
8062 -523
8063 -565
8064 -558
8065 -505
8066 -478
8067 -481
8068 -458
8069 -397
8070 -331
8071 -273
8072 -204
8073 -138
8074 -92
8075 -30
8076 71
8077 170
8078 240
8079 287
8080 333
8081 391
8082 481
8083 562
8084 606
8085 611
8086 602
8087 583
8088 580
8089 582
8090 580
8091 531
8092 454
8093 378
8094 309
8095 260
8096 192
8097 101
8098 -3
8099 -89
8100 -164
8101 -206
8102 -281
8103 -355
8104 -424
8105 -481
8106 -551
8107 -610
8108 -617
8109 -606
8110 -633
8111 -646
8112 -630
8113 -583
8114 -518
8115 -488
8116 -434
8117 -367
8118 -288
8119 -217
8120 -178
8121 -85
8122 41
8123 125
8124 158
8125 230
8126 342
8127 418
8128 460
8129 524
8130 605
8131 618
8132 591
8133 596
8134 630
8135 622
8136 575
8137 512
8138 465
8139 420
8140 355
8141 289
8142 201
8143 126
8144 25
8145 -75
8146 -124
8147 -152
8148 -229
8149 -340
8150 -396
8151 -419
8152 -434
8153 -483
8154 -521
8155 -516
8156 -519
8157 -510
8158 -482
8159 -419
8160 -360
8161 -316
8162 -276
8163 -213
8164 -148
8165 -35
8166 61
8167 102
8168 162
8169 237
8170 320
8171 393
8172 460
8173 510
8174 544
8175 552
8176 534
8177 549
8178 544
8179 526
8180 474
8181 437
8182 399
8183 354
8184 283
8185 203
8186 149
8187 86
8188 14
8189 -84
8190 -155
8191 -211
8192 -267
8193 -351
8194 -419
8195 -448
8196 -502
8197 -559
8198 -591
8199 -594
8200 -607
8201 -632
8202 -649
8203 -643
8204 -590
8205 -542
8206 -517
8207 -466
8208 -385
8209 -299
8210 -238
8211 -191
8212 -70
8213 58
8214 122
8215 164
8216 243
8217 338
8218 404
8219 458
8220 521
8221 586
8222 599
8223 607
8224 627
8225 617
8226 601
8227 561
8228 526
8229 503
8230 453
8231 342
8232 249
8233 180
8234 137
8235 59
8236 -34
8237 -114
8238 -201
8239 -292
8240 -382
8241 -438
8242 -486
8243 -536
8244 -602
8245 -633
8246 -638
8247 -624
8248 -600
8249 -565
8250 -536
8251 -504
8252 -432
8253 -363
8254 -308
8255 -225
8256 -86
8257 4
8258 48
8259 105
8260 218
8261 315
8262 385
8263 435
8264 507
8265 560
8266 586
8267 620
8268 644
8269 670
8270 679
8271 628
8272 579
8273 549
8274 529
8275 490
8276 408
8277 357
8278 293
8279 221
8280 145
8281 87
8282 23
8283 -48
8284 -126
8285 -206
8286 -248
8287 -260
8288 -312
8289 -386
8290 -469
8291 -492
8292 -473
8293 -483
8294 -484
8295 -484
8296 -489
8297 -499
8298 -484
8299 -401
8300 -315
8301 -274
8302 -272
8303 -245
8304 -177
8305 -111
8306 -56
8307 15
8308 92
8309 137
8310 148
8311 193
8312 300
8313 374
8314 344
8315 299
8316 312
8317 347
8318 343
8319 298
8320 270
8321 242
8322 175
8323 119
8324 98
8325 50
8326 -34
8327 -127
8328 -197
8329 -217
8330 -248
8331 -330
8332 -410
8333 -462
8334 -483
8335 -498
8336 -526
8337 -532
8338 -498
8339 -491
8340 -488
8341 -443
8342 -368
8343 -294
8344 -255
8345 -191
8346 -117
8347 -71
8348 4
8349 102
8350 200
8351 269
8352 325
8353 377
8354 439
8355 524
8356 598
8357 629
8358 645
8359 653
8360 689
8361 716
8362 717
8363 678
8364 642
8365 614
8366 598
8367 534
8368 441
8369 374
8370 339
8371 263
8372 147
8373 76
8374 35
8375 -8
8376 -97
8377 -159
8378 -223
8379 -288
8380 -360
8381 -426
8382 -446
8383 -438
8384 -461
8385 -534
8386 -546
8387 -514
8388 -466
8389 -464
8390 -461
8391 -384
8392 -335
8393 -331
8394 -284
8395 -173
8396 -69
8397 -25
8398 -11
8399 54
8400 129
8401 198
8402 230
8403 281
8404 326
8405 353
8406 336
8407 348
8408 373
8409 365
8410 346
8411 318
8412 277
8413 237
8414 192
8415 118
8416 58
8417 25
8418 -64
8419 -175
8420 -237
8421 -300
8422 -341
8423 -409
8424 -475
8425 -520
8426 -555
8427 -581
8428 -616
8429 -642
8430 -669
8431 -657
8432 -626
8433 -587
8434 -552
8435 -520
8436 -473
8437 -410
8438 -341
8439 -267
8440 -187
8441 -106
8442 -52
8443 19
8444 118
8445 203
8446 269
8447 328
8448 397
8449 458
8450 497
8451 552
8452 635
8453 666
8454 671
8455 692
8456 693
8457 671
8458 647
8459 636
8460 642
8461 581
8462 489
8463 447
8464 412
8465 351
8466 279
8467 219
8468 178
8469 108
8470 9
8471 -58
8472 -87
8473 -97
8474 -160
8475 -246
8476 -302
8477 -329
8478 -329
8479 -333
8480 -315
8481 -299
8482 -300
8483 -328
8484 -302
8485 -242
8486 -198
8487 -156
8488 -129
8489 -101
8490 -37
8491 37
8492 71
8493 95
8494 141
8495 204
8496 214
8497 213
8498 263
8499 302
8500 286
